	质量 A	
t	θr	
0.000	0.536
0.040	0.520
0.080	0.491
0.120	0.437
0.160	0.347
0.200	0.229
0.240	9.769E-2
0.280	-4.876E-2
0.320	-0.188
0.360	-0.310
0.400	-0.398
0.440	-0.454
0.480	-0.485
0.520	-0.504
0.560	-0.513
0.600	-0.525
0.640	-0.485
0.680	-0.438
0.720	-0.359
0.760	-0.264
0.800	-0.142
0.840	-7.574E-3
0.880	0.127
0.920	0.242
0.960	0.336
1.000	0.406
1.040	0.440
1.080	0.479
1.120	0.482
1.160	0.460
1.200	0.420
1.240	0.367
1.280	0.290
1.320	0.189
1.360	6.325E-2
1.400	-8.535E-2
1.440	-0.208
1.480	-0.312
1.520	-0.391
1.560	-0.442
1.600	-0.472
1.640	-0.487
1.680	-0.488
1.720	-0.474
1.760	-0.448
1.800	-0.405
1.840	-0.327
1.880	-0.232
1.920	-0.115
1.960	1.331E-2
2.000	0.114
2.040	0.226
2.080	0.314
2.120	0.384
2.160	0.421
2.200	0.439
2.240	0.441
2.280	0.428
2.320	0.397
2.360	0.341
2.400	0.265
2.440	0.163
2.480	4.400E-2
2.520	-9.237E-2
2.560	-0.204
2.600	-0.305
2.640	-0.381
2.680	-0.432
2.720	-0.465
2.760	-0.480
2.800	-0.485
2.840	-0.474
2.880	-0.448
2.920	-0.402
2.960	-0.314
3.000	-0.228
3.040	-0.119
3.080	2.431E-3
3.120	9.806E-2
3.160	0.218
3.200	0.293
3.240	0.361
3.280	0.400
3.320	0.421
3.360	0.424
3.400	0.411
3.440	0.379
3.480	0.329
3.520	0.258
3.560	0.162
3.600	5.509E-2
3.640	-6.034E-2
3.680	-0.172
3.720	-0.280
3.760	-0.359
3.800	-0.412
3.840	-0.445
3.880	-0.462
3.920	-0.465
3.960	-0.454
4.000	-0.429
4.040	-0.387
4.080	-0.302
4.120	-0.215
4.160	-0.112
4.200	-2.459E-2
4.240	9.012E-2
4.280	0.192
4.320	0.272
4.360	0.330
4.400	0.369
4.440	0.390
4.480	0.395
4.520	0.381
4.560	0.350
4.600	0.300
4.640	0.233
4.680	0.141
4.720	4.021E-2
4.760	-8.322E-2
4.800	-0.184
4.840	-0.270
4.880	-0.340
4.920	-0.389
4.960	-0.420
5.000	-0.437
5.040	-0.439
5.080	-0.427
5.120	-0.400
5.160	-0.356
5.200	-0.295
5.240	-0.196
5.280	-9.935E-2
5.320	5.974E-3
5.360	8.361E-2
5.400	0.186
5.440	0.258
5.480	0.312
5.520	0.350
5.560	0.367
5.600	0.369
5.640	0.355
5.680	0.321
5.720	0.271
5.760	0.205
5.800	0.119
5.840	1.761E-2
5.880	-8.756E-2
5.920	-0.180
5.960	-0.264
6.000	-0.326
6.040	-0.372
6.080	-0.403
6.120	-0.416
6.160	-0.416
6.200	-0.403
6.240	-0.375
6.280	-0.332
6.320	-0.273
6.360	-0.173
6.400	-8.504E-2
6.440	1.174E-2
6.480	8.167E-2
6.520	0.179
6.560	0.248
6.600	0.297
6.640	0.329
6.680	0.345
6.720	0.344
6.760	0.327
6.800	0.294
6.840	0.246
6.880	0.175
6.920	9.371E-2
6.960	5.954E-3
7.000	-8.859E-2
7.040	-0.176
7.080	-0.256
7.120	-0.314
7.160	-0.358
7.200	-0.386
7.240	-0.398
7.280	-0.397
7.320	-0.382
7.360	-0.352
7.400	-0.308
7.440	-0.249
7.480	-0.173
7.520	-6.968E-2
7.560	-2.151E-3
7.600	8.252E-2
7.640	0.173
7.680	0.236
7.720	0.280
7.760	0.309
7.800	0.323
7.840	0.320
7.880	0.300
7.920	0.267
7.960	0.216
8.000	0.151
8.040	7.292E-2
8.080	-1.717E-2
8.120	-9.953E-2
8.160	-0.181
8.200	-0.252
8.240	-0.308
8.280	-0.346
8.320	-0.368
8.360	-0.378
8.400	-0.376
8.440	-0.357
8.480	-0.325
8.520	-0.282
8.560	-0.224
8.600	-0.135
8.640	-4.828E-2
8.680	3.562E-2
8.720	8.887E-2
8.760	0.180
8.800	0.236
8.840	0.276
8.880	0.301
8.920	0.310
8.960	0.304
9.000	0.281
9.040	0.248
9.080	0.192
9.120	0.130
9.160	4.931E-2
9.200	-2.662E-2
9.240	-0.108
9.280	-0.186
9.320	-0.247
9.360	-0.301
9.400	-0.334
9.440	-0.354
9.480	-0.360
9.520	-0.353
9.560	-0.335
9.600	-0.301
9.640	-0.253
9.680	-0.195
9.720	-0.108
9.760	-3.064E-2
9.800	4.549E-2
9.840	9.498E-2
9.880	0.158
9.920	0.222
9.960	0.256
10.000	0.277
10.040	0.283
10.080	0.273
10.120	0.252
10.160	0.217
10.200	0.163
10.240	9.749E-2
10.280	2.546E-2
10.320	-5.248E-2
10.360	-0.132
10.400	-0.185
10.440	-0.253
10.480	-0.294
10.520	-0.325
10.560	-0.341
10.600	-0.343
10.640	-0.334
10.680	-0.311
10.720	-0.277
10.760	-0.231
10.800	-0.153
10.840	-8.240E-2
10.880	-1.207E-2
10.920	5.577E-2
10.960	0.122
11.000	0.172
11.040	0.216
11.080	0.248
11.120	0.263
11.160	0.265
11.200	0.252
11.240	0.224
11.280	0.184
11.320	0.133
11.360	7.146E-2
11.400	2.983E-3
11.440	-6.450E-2
11.480	-0.131
11.520	-0.207
11.560	-0.256
11.600	-0.293
11.640	-0.317
11.680	-0.328
11.720	-0.328
11.760	-0.317
11.800	-0.291
11.840	-0.255
11.880	-0.207
11.920	-0.150
11.960	-6.152E-2
12.000	5.333E-3
12.040	6.255E-2
12.080	0.105
12.120	0.168
12.160	0.208
12.200	0.232
12.240	0.242
12.280	0.240
12.320	0.224
12.360	0.193
12.400	0.155
12.440	0.106
12.480	4.330E-2
12.520	-1.700E-2
12.560	-8.304E-2
12.600	-0.145
12.640	-0.196
12.680	-0.259
12.720	-0.289
12.760	-0.309
12.800	-0.315
12.840	-0.312
12.880	-0.296
12.920	-0.268
12.960	-0.230
13.000	-0.159
13.040	-0.101
13.080	-4.313E-2
13.120	2.019E-2
13.160	5.726E-2
13.200	0.109
13.240	0.165
13.280	0.200
13.320	0.218
13.360	0.224
13.400	0.218
13.440	0.200
13.480	0.167
13.520	0.127
13.560	8.275E-2
13.600	2.450E-2
13.640	-3.561E-2
13.680	-0.107
13.720	-0.162
13.760	-0.208
13.800	-0.246
13.840	-0.272
13.880	-0.288
13.920	-0.290
13.960	-0.283
14.000	-0.264
14.040	-0.237
14.080	-0.196
14.120	-0.148
14.160	-7.793E-2
14.200	-1.798E-2
14.240	3.655E-2
14.280	6.956E-2
14.320	0.114
14.360	0.149
14.400	0.191
14.440	0.203
14.480	0.204
14.520	0.194
14.560	0.170
14.600	0.137
14.640	0.101
14.680	4.639E-2
14.720	-5.818E-3
14.760	-6.281E-2
14.800	-0.116
14.840	-0.162
14.880	-0.209
14.920	-0.241
14.960	-0.260
15.000	-0.270
15.040	-0.269
15.080	-0.259
15.120	-0.236
15.160	-0.204
15.200	-0.164
15.240	-0.119
15.280	-6.851E-2
15.320	-3.590E-3
15.360	4.918E-2
15.400	7.533E-2
15.440	0.114
15.480	0.158
15.520	0.177
15.560	0.185
15.600	0.183
15.640	0.168
15.680	0.142
15.720	0.107
15.760	6.536E-2
15.800	1.663E-2
15.840	-3.759E-2
15.880	-8.672E-2
15.920	-0.131
15.960	-0.180
16.000	-0.212
16.040	-0.238
16.080	-0.254
16.120	-0.258
16.160	-0.253
16.200	-0.238
16.240	-0.215
16.280	-0.182
16.320	-0.141
16.360	-8.590E-2
16.400	-3.266E-2
16.440	1.585E-2
16.480	6.141E-2
16.520	8.034E-2
16.560	0.113
16.600	0.137
16.640	0.152
16.680	0.155
16.720	0.147
16.760	0.129
16.800	0.102
16.840	6.738E-2
16.880	2.320E-2
16.920	-2.090E-2
16.960	-7.038E-2
17.000	-0.117
17.040	-0.160
17.080	-0.195
17.120	-0.224
17.160	-0.242
17.200	-0.252
17.240	-0.253
17.280	-0.245
17.320	-0.227
17.360	-0.201
17.400	-0.167
17.440	-0.128
17.480	-8.340E-2
17.520	-3.726E-2
17.560	3.654E-2
17.600	7.605E-2
17.640	8.444E-2
17.680	0.111
17.720	0.129
17.760	0.138
17.800	0.136
17.840	0.125
17.880	0.105
17.920	7.831E-2
17.960	4.164E-2
18.000	1.054E-3
18.040	-3.212E-2
18.080	-8.135E-2
18.120	-0.122
18.160	-0.158
18.200	-0.188
18.240	-0.211
18.280	-0.225
18.320	-0.230
18.360	-0.226
18.400	-0.214
18.440	-0.193
18.480	-0.166
18.520	-0.132
18.560	-9.347E-2
18.600	-3.246E-2
18.640	1.029E-2
18.680	5.146E-2
18.720	5.862E-2
18.760	8.762E-2
18.800	0.108
18.840	0.121
18.880	0.124
18.920	0.118
18.960	0.101
19.000	7.898E-2
19.040	4.846E-2
19.080	1.029E-2
19.120	-2.972E-2
19.160	-7.034E-2
19.200	-0.108
19.240	-0.143
19.280	-0.174
19.320	-0.198
19.360	-0.214
19.400	-0.223
19.440	-0.223
19.480	-0.215
19.520	-0.199
19.560	-0.177
19.600	-0.148
19.640	-0.113
19.680	-5.118E-2
19.720	-1.269E-2
19.760	2.435E-2
19.800	5.959E-2
19.840	8.879E-2
19.880	0.112
19.920	0.127
19.960	0.133
20.000	0.132
20.040	0.124
20.080	0.104
20.120	8.006E-2
20.160	4.550E-2
20.200	1.094E-2
20.240	-2.651E-2
20.280	-6.058E-2
20.320	-9.708E-2
20.360	-0.130
20.400	-0.153
20.440	-0.172
20.480	-0.182
20.520	-0.186
20.560	-0.182
20.600	-0.171
20.640	-0.152
20.680	-0.127
20.720	-9.773E-2
20.760	-6.364E-2
20.800	-2.760E-2
20.840	8.043E-3
20.880	4.217E-2
20.920	7.160E-2
20.960	9.397E-2
21.000	0.112
21.040	0.121
21.080	0.123
21.120	0.118
21.160	0.104
21.200	8.407E-2
21.240	5.638E-2
21.280	2.534E-2
21.320	-1.073E-2
21.360	-4.242E-2
21.400	-7.634E-2
21.440	-0.107
21.480	-0.130
21.520	-0.151
21.560	-0.166
21.600	-0.171
21.640	-0.171
21.680	-0.162
21.720	-0.148
21.760	-0.127
21.800	-0.101
21.840	-7.198E-2
21.880	-3.990E-2
21.920	-7.800E-3
21.960	2.230E-2
22.000	5.100E-2
22.040	7.509E-2
22.080	9.376E-2
22.120	0.106
22.160	0.110
22.200	0.107
22.240	9.637E-2
22.280	8.080E-2
22.320	5.787E-2
22.360	2.897E-2
22.400	5.476E-4
22.440	-3.084E-2
22.480	-6.190E-2
22.520	-9.821E-2
22.560	-0.117
22.600	-0.143
22.640	-0.151
22.680	-0.160
22.720	-0.163
22.760	-0.156
22.800	-0.144
22.840	-0.127
22.880	-0.105
22.920	-8.092E-2
22.960	-5.223E-2
23.000	-2.265E-2
23.040	8.366E-3
23.080	3.579E-2
23.120	5.857E-2
23.160	7.696E-2
23.200	9.061E-2
23.240	9.664E-2
23.280	9.669E-2
23.320	8.926E-2
23.360	7.730E-2
23.400	5.864E-2
23.440	3.516E-2
23.480	8.746E-3
23.520	-1.993E-2
23.560	-4.811E-2
23.600	-7.507E-2
23.640	-0.101
23.680	-0.120
23.720	-0.135
23.760	-0.145
23.800	-0.149
23.840	-0.147
23.880	-0.138
23.920	-0.125
23.960	-0.107
24.000	-8.641E-2
24.040	-5.753E-2
24.080	-3.066E-2
24.120	-4.502E-3
24.160	2.088E-2
24.200	4.487E-2
24.240	6.272E-2
24.280	7.689E-2
24.320	8.413E-2
24.360	8.644E-2
24.400	8.198E-2
24.440	7.200E-2
24.480	5.727E-2
24.520	3.770E-2
24.560	1.356E-2
24.600	-1.161E-2
24.640	-3.639E-2
24.680	-6.090E-2
24.720	-8.477E-2
24.760	-0.104
24.800	-0.121
24.840	-0.130
24.880	-0.136
24.920	-0.136
24.960	-0.131
25.000	-0.119
25.040	-0.103
25.080	-8.401E-2
25.120	-6.131E-2
25.160	-3.706E-2
25.200	-1.350E-2
25.240	1.015E-2
25.280	3.133E-2
25.320	4.980E-2
25.360	6.440E-2
25.400	7.173E-2
25.440	7.545E-2
25.480	7.342E-2
25.520	6.487E-2
25.560	5.217E-2
25.600	3.512E-2
25.640	1.527E-2
25.680	-7.210E-3
25.720	-3.230E-2
25.760	-5.510E-2
25.800	-7.809E-2
25.840	-9.832E-2
25.880	-0.113
25.920	-0.123
25.960	-0.128
26.000	-0.128
26.040	-0.127
26.080	-0.117
26.120	-0.124
26.160	-0.109
26.200	-8.963E-2
26.240	-6.696E-2
26.280	-2.266E-2
26.320	-1.654E-3
26.360	2.039E-2
26.400	3.637E-2
26.440	5.029E-2
26.480	5.992E-2
26.520	6.494E-2
26.560	6.463E-2
26.600	5.797E-2
26.640	4.760E-2
26.680	3.351E-2
26.720	1.544E-2
26.760	-6.381E-3
26.800	-2.637E-2
26.840	-4.846E-2
26.880	-6.709E-2
26.920	-8.640E-2
26.960	-0.102
27.000	-0.111
27.040	-0.117
27.080	-0.133
27.120	-0.131
27.160	-0.123
27.200	-0.110
27.240	-9.619E-2
27.280	-7.867E-2
27.320	-6.019E-2
27.360	-2.664E-2
27.400	-6.397E-3
27.440	1.133E-2
27.480	2.752E-2
27.520	4.068E-2
27.560	5.007E-2
27.600	5.503E-2
27.640	5.524E-2
27.680	5.079E-2
27.720	4.228E-2
27.760	2.986E-2
27.800	1.316E-2
27.840	-4.795E-3
27.880	-2.376E-2
27.920	-4.223E-2
27.960	-6.227E-2
28.000	-7.898E-2
28.040	-9.246E-2
28.080	-0.102
28.120	-0.120
28.160	-0.121
28.200	-0.120
28.240	-0.115
28.280	-0.102
28.320	-9.102E-2
28.360	-7.598E-2
28.400	-5.902E-2
28.440	-4.321E-2
28.480	-2.444E-2
28.520	4.265E-3
28.560	2.032E-2
28.600	3.086E-2
28.640	4.029E-2
28.680	4.515E-2
28.720	4.620E-2
28.760	4.257E-2
28.800	3.171E-2
28.840	2.037E-2
28.880	6.228E-3
28.920	-1.103E-2
28.960	-2.799E-2
29.000	-4.318E-2
29.040	-6.808E-2
29.080	-8.212E-2
29.120	-9.490E-2
29.160	-0.104
29.200	-0.111
29.240	-0.113
29.280	-0.111
29.320	-0.106
29.360	-9.663E-2
29.400	-8.635E-2
29.440	-7.359E-2
29.480	-5.963E-2
29.520	-4.523E-2
29.560	-2.956E-2
29.600	-6.458E-3
29.640	8.615E-3
29.680	1.916E-2
29.720	2.890E-2
29.760	3.315E-2
29.800	3.439E-2
29.840	3.207E-2
29.880	2.654E-2
29.920	1.642E-2
29.960	3.922E-3
30.000	-1.318E-2
30.040	-3.106E-2
30.080	-4.653E-2
30.120	-5.986E-2
30.160	-7.302E-2
30.200	-8.672E-2
30.240	-0.104
30.280	-9.803E-2
30.320	-0.103
30.360	-0.101
30.400	-0.107
30.440	-9.838E-2
30.480	-8.164E-2
30.520	-7.018E-2
30.560	-5.416E-2
30.600	-5.057E-2
30.640	-3.143E-2
30.680	-1.350E-2
30.720	2.624E-3
30.760	1.530E-2
30.800	2.080E-2
30.840	2.126E-2
30.880	2.537E-2
30.920	2.564E-2
30.960	2.073E-2
31.000	1.151E-2
31.040	-9.899E-4
31.080	-1.521E-2
31.120	-2.639E-2
31.160	-4.426E-2
31.200	-5.595E-2
31.240	-6.851E-2
31.280	-7.797E-2
31.320	-8.530E-2
31.360	-9.176E-2
31.400	-0.107
31.440	-0.108
31.480	-9.251E-2
31.520	-9.722E-2
31.560	-8.456E-2
31.600	-6.850E-2
31.640	-5.999E-2
31.680	-4.685E-2
31.720	-3.468E-2
31.760	-2.325E-2
31.800	-6.036E-3
31.840	4.142E-3
31.880	1.541E-2
31.920	1.988E-2
31.960	2.094E-2
32.000	1.808E-2
32.040	1.363E-2
32.080	6.243E-3
32.120	-1.068E-2
32.160	-2.134E-2
32.200	-3.467E-2
32.240	-4.599E-2
32.280	-5.889E-2
32.320	-6.920E-2
32.360	-7.783E-2
32.400	-8.608E-2
32.440	-9.053E-2
32.480	-9.236E-2
32.520	-8.979E-2
32.560	-8.722E-2
32.600	-9.167E-2
32.640	-7.869E-2
32.680	-6.813E-2
32.720	-5.606E-2
32.760	-4.551E-2
32.800	-3.684E-2
32.840	-2.756E-2
32.880	-1.343E-2
32.920	-6.210E-3
32.960	2.022E-3
33.000	3.343E-3
33.040	4.935E-3
33.080	3.183E-3
33.120	5.444E-4
33.160	-5.906E-3
33.200	-1.610E-2
33.240	-2.717E-2
33.280	-3.606E-2
33.320	-4.538E-2
33.360	-5.727E-2
33.400	-6.436E-2
33.440	-7.350E-2
33.480	-7.729E-2
33.520	-8.111E-2
33.560	-8.420E-2
33.600	-8.471E-2
33.640	-8.874E-2
33.680	-8.203E-2
33.720	-7.052E-2
33.760	-5.998E-2
33.800	-5.335E-2
33.840	-4.578E-2
33.880	-3.515E-2
33.920	-2.884E-2
33.960	-1.587E-2
34.000	-1.000E-2
34.040	2.853E-3
34.080	5.443E-3
34.120	6.352E-3
34.160	4.620E-3
34.200	7.418E-4
34.240	-4.483E-3
34.280	-1.308E-2
34.320	-2.323E-2
34.360	-3.382E-2
34.400	-4.261E-2
34.440	-5.200E-2
34.480	-6.292E-2
34.520	-6.872E-2
34.560	-6.952E-2
34.600	-7.374E-2
34.640	-7.719E-2
34.680	-7.737E-2
34.720	-7.535E-2
34.760	-7.002E-2
34.800	-6.242E-2
34.840	-5.263E-2
34.880	-4.593E-2
34.920	-3.902E-2
34.960	-3.075E-2
35.000	-2.230E-2
35.040	-1.576E-2
35.080	-1.268E-2
35.120	-7.797E-3
35.160	-7.223E-3
35.200	-6.291E-3
35.240	-8.156E-3
35.280	-1.110E-2
35.320	-1.655E-2
35.360	-2.546E-2
35.400	-3.416E-2
35.440	-4.075E-2
35.480	-4.770E-2
35.520	-5.346E-2
35.560	-6.101E-2
35.600	-6.517E-2
35.640	-6.910E-2
35.680	-7.255E-2
35.720	-7.179E-2
35.760	-7.081E-2
35.800	-6.794E-2
35.840	-6.251E-2
35.880	-5.641E-2
35.920	-4.952E-2
35.960	-4.558E-2
36.000	-3.830E-2
36.040	-3.183E-2
36.080	-1.903E-2
36.120	-2.015E-2
36.160	-1.823E-2
36.200	-1.262E-2
36.240	-8.199E-3
36.280	-5.382E-3
36.320	-1.092E-2
36.360	-1.680E-2
36.400	-2.032E-2
36.440	-2.697E-2
36.480	-3.909E-2
36.520	-4.459E-2
36.560	-4.964E-2
36.600	-5.338E-2
36.640	-6.342E-2
36.680	-6.589E-2
36.720	-6.769E-2
36.760	-7.442E-2
36.800	-6.623E-2
36.840	-6.569E-2
36.880	-6.379E-2
36.920	-6.105E-2
36.960	-5.413E-2
37.000	-4.681E-2
37.040	-4.177E-2
37.080	-3.601E-2
37.120	-3.168E-2
37.160	-2.429E-2
37.200	-2.094E-2
37.240	-1.960E-2
37.280	-1.558E-2
37.320	-1.834E-2
37.360	-1.807E-2
37.400	-2.066E-2
37.440	-2.479E-2
37.480	-2.933E-2
37.520	-3.647E-2
37.560	-3.989E-2
37.600	-4.403E-2
37.640	-5.070E-2
37.680	-5.472E-2
37.720	-6.140E-2
37.760	-6.364E-2
37.800	-6.484E-2
37.840	-6.606E-2
37.880	-6.253E-2
37.920	-6.250E-2
37.960	-5.974E-2
38.000	-5.475E-2
38.040	-4.946E-2
38.080	-4.079E-2
38.120	-3.927E-2
38.160	-3.400E-2
38.200	-2.400E-2
38.240	-2.132E-2
38.280	-2.051E-2
38.320	-2.281E-2
38.360	-2.110E-2
38.400	-2.414E-2
38.440	-2.253E-2
38.480	-2.525E-2
38.520	-2.845E-2
38.560	-3.404E-2
38.600	-3.887E-2
38.640	-4.098E-2
38.680	-4.903E-2
38.720	-5.368E-2
38.760	-5.315E-2
38.800	-5.868E-2
38.840	-5.929E-2
38.880	-5.775E-2
38.920	-6.730E-2
38.960	-6.927E-2
39.000	-5.576E-2
39.040	-5.190E-2
39.080	-4.866E-2
39.120	-4.180E-2
39.160	-3.601E-2
39.200	-3.280E-2
39.240	-3.204E-2
39.280	-2.844E-2
39.320	-2.320E-2
39.360	-1.925E-2
39.400	-1.816E-2
39.440	-1.621E-2
39.480	-1.999E-2
39.520	-1.987E-2
39.560	-2.322E-2
39.600	-2.711E-2
39.640	-3.182E-2
39.680	-3.835E-2
39.720	-4.363E-2
39.760	-4.535E-2
39.800	-5.186E-2
39.840	-5.376E-2
39.880	-5.304E-2
39.920	-5.549E-2
39.960	-5.658E-2
40.000	-5.667E-2
40.040	-5.387E-2
40.080	-5.197E-2
40.120	-4.932E-2
40.160	-4.481E-2
40.200	-4.109E-2
40.240	-3.799E-2
40.280	-3.282E-2
40.320	-3.024E-2
40.360	-2.924E-2
40.400	-2.553E-2
40.440	-2.551E-2
40.480	-2.824E-2
40.520	-2.775E-2
40.560	-2.505E-2
40.600	-3.077E-2
40.640	-3.223E-2
40.680	-3.903E-2
40.720	-4.203E-2
40.760	-4.761E-2
40.800	-4.914E-2
40.840	-4.989E-2
40.880	-5.409E-2
40.920	-5.467E-2
40.960	-5.386E-2
41.000	-5.519E-2
41.040	-5.215E-2
41.080	-5.980E-2
41.120	-4.800E-2
41.160	-4.774E-2
41.200	-4.426E-2
41.240	-4.091E-2
41.280	-4.296E-2
41.320	-3.433E-2
41.360	-3.393E-2
41.400	-2.957E-2
41.440	-2.959E-2
41.480	-3.032E-2
41.520	-2.966E-2
41.560	-3.115E-2
41.600	-3.227E-2
41.640	-3.394E-2
41.680	-3.777E-2
41.720	-3.955E-2
41.760	-4.127E-2
41.800	-4.551E-2
41.840	-5.170E-2
41.880	-5.316E-2
41.920	-4.987E-2
41.960	-5.562E-2
42.000	-5.493E-2
42.040	-4.959E-2
42.080	-5.380E-2
42.120	-4.879E-2
42.160	-4.844E-2
42.200	-4.286E-2
42.240	-4.231E-2
42.280	-3.966E-2
42.320	-3.378E-2
42.360	-3.627E-2
42.400	-3.030E-2
42.440	-3.082E-2
42.480	-3.277E-2
42.520	-2.947E-2
42.560	-3.032E-2
42.600	-3.170E-2
42.640	-3.314E-2
42.680	-3.079E-2
42.720	-3.158E-2
42.760	-3.369E-2
42.800	-3.665E-2
42.840	-3.988E-2
42.880	-4.403E-2
42.920	-4.547E-2
42.960	-4.588E-2
43.000	-4.892E-2
43.040	-4.966E-2
43.080	-5.097E-2
