0.000000 0.536000
1.120000 0.482000
2.240000 0.441000
3.360000 0.424000
4.480000 0.395000
5.600000 0.369000
6.680000 0.345000
7.800000 0.323000
8.920000 0.310000
10.040000 0.283000
11.160000 0.265000
12.240000 0.242000
13.360000 0.224000
14.480000 0.204000
15.560000 0.185000
16.680000 0.155000
17.760000 0.138000
18.880000 0.124000
19.960000 0.133000
21.080000 0.123000
22.160000 0.110000
23.280000 0.096690
24.360000 0.086440
25.440000 0.075450
26.520000 0.064940
27.640000 0.055240
28.720000 0.046200
29.800000 0.034390
30.920000 0.025640
31.960000 0.020940
33.040000 0.004935
