	质量 A	
t	θr	
0.033	0.525
0.050	0.520
0.067	0.514
0.083	0.504
0.100	0.493
0.117	0.477
0.133	0.477
0.150	0.458
0.167	0.435
0.183	0.405
0.200	0.376
0.217	0.331
0.233	0.331
0.250	0.287
0.267	0.235
0.283	0.182
0.300	0.108
0.317	5.094E-2
0.333	4.394E-2
0.350	-3.202E-2
0.367	-8.924E-2
0.383	-0.172
0.400	-0.231
0.417	-0.285
0.433	-0.285
0.450	-0.333
0.467	-0.370
0.483	-0.403
0.500	-0.429
0.517	-0.451
0.533	-0.451
0.550	-0.469
0.567	-0.482
0.583	-0.493
0.600	-0.502
0.617	-0.508
0.633	-0.508
0.650	-0.513
0.667	-0.516
0.683	-0.517
0.700	-0.518
0.717	-0.517
0.733	-0.517
0.750	-0.515
0.767	-0.512
0.783	-0.506
0.800	-0.499
0.817	-0.490
0.833	-0.490
0.850	-0.479
0.867	-0.465
0.883	-0.446
0.900	-0.425
0.917	-0.397
0.933	-0.397
0.950	-0.363
0.967	-0.323
0.983	-0.269
1.000	-0.213
1.017	-0.147
1.033	-0.146
1.050	-7.701E-2
1.067	
1.083	6.582E-2
1.100	0.118
1.117	0.184
1.133	0.183
1.150	0.248
1.167	0.294
1.183	0.345
1.200	0.385
1.217	0.418
1.233	0.417
1.250	0.446
1.267	0.467
1.283	0.485
1.300	0.498
1.317	0.506
1.333	0.505
1.350	0.511
1.367	0.516
1.383	0.518
1.400	0.519
1.417	0.520
1.433	0.520
1.450	0.519
1.467	0.517
1.483	0.514
1.500	0.509
1.517	0.503
1.533	0.503
1.550	0.494
1.567	0.483
1.583	0.466
1.600	0.445
1.617	0.420
1.633	0.419
1.650	0.391
1.667	0.354
1.683	0.308
1.700	0.260
1.717	0.196
1.733	0.195
1.750	0.136
1.767	8.072E-2
1.783	1.679E-3
1.800	-5.231E-2
1.817	-0.120
1.833	-0.120
1.850	-0.183
1.867	-0.239
1.883	-0.292
1.900	-0.337
1.917	-0.374
1.933	-0.374
1.950	-0.406
1.967	-0.430
1.983	-0.452
2.000	-0.469
2.017	-0.482
2.033	-0.481
2.050	-0.492
2.067	-0.499
2.083	-0.505
2.100	-0.509
2.117	-0.512
2.133	-0.512
2.150	-0.514
2.167	-0.514
2.183	-0.512
2.200	-0.509
2.217	-0.505
2.233	-0.505
2.250	-0.498
2.267	-0.490
2.283	-0.478
2.300	-0.465
2.317	-0.447
2.333	-0.447
2.350	-0.424
2.367	-0.397
2.383	-0.364
2.400	-0.326
2.417	-0.280
2.433	-0.280
2.450	-0.229
2.467	-0.174
2.483	-0.109
2.500	-4.408E-2
2.517	2.399E-2
2.533	2.651E-2
2.550	9.089E-2
2.567	
2.583	
2.600	0.265
2.617	0.315
2.633	0.313
2.650	0.353
2.667	0.388
2.683	0.417
2.700	0.440
2.717	0.457
2.733	0.457
2.750	0.473
2.767	0.484
2.783	0.494
2.800	0.500
2.817	0.505
2.833	0.505
2.850	0.507
2.867	0.508
2.883	0.507
2.900	0.505
2.917	0.501
2.933	0.501
2.950	0.497
2.967	0.490
2.983	0.480
3.000	0.470
3.017	0.455
3.033	0.455
3.050	0.437
3.067	0.415
3.083	0.387
3.100	0.352
3.117	0.310
3.133	0.310
3.150	0.265
3.167	0.210
3.183	0.141
3.200	9.365E-2
3.217	
3.233	
3.250	-2.964E-2
3.267	-9.294E-2
3.283	-0.157
3.300	-0.211
3.317	-0.265
3.333	-0.264
3.350	-0.310
3.367	-0.348
3.383	-0.383
3.400	-0.410
3.417	-0.434
3.433	-0.434
3.450	-0.453
3.467	-0.468
3.483	-0.479
3.500	-0.489
3.517	-0.495
3.533	-0.495
3.550	-0.500
3.567	-0.503
3.583	-0.505
3.600	-0.505
3.617	-0.503
3.633	-0.503
3.650	-0.500
3.667	-0.495
3.683	-0.489
3.700	-0.480
3.717	-0.469
3.733	-0.468
3.750	-0.454
3.767	-0.437
3.783	-0.414
3.800	-0.388
3.817	-0.357
3.833	-0.357
3.850	-0.319
3.867	-0.277
3.883	-0.226
3.900	-0.173
3.917	-0.114
3.933	-0.114
3.950	-5.151E-2
3.967	8.344E-3
3.983	7.516E-2
4.000	0.125
4.017	
4.033	
4.050	0.245
4.067	0.289
4.083	0.330
4.100	0.368
4.117	0.395
4.133	0.395
4.150	0.411
4.167	0.434
4.183	0.455
4.200	0.467
4.217	0.477
4.233	0.477
4.250	0.476
4.267	0.490
4.283	0.491
4.300	0.493
4.317	0.493
4.333	0.493
4.350	0.492
4.367	0.476
4.383	0.472
4.400	0.478
4.417	0.468
4.433	0.468
4.450	0.456
4.467	0.430
4.483	0.421
4.500	0.401
4.517	0.374
4.533	0.374
4.550	0.338
4.567	0.288
4.583	0.254
4.600	0.205
4.617	0.141
4.633	0.134
4.650	9.216E-2
4.667	3.040E-2
4.683	-2.867E-2
4.700	-8.647E-2
4.717	-0.145
4.733	-0.145
4.750	-0.200
4.767	-0.248
4.783	-0.294
4.800	-0.333
4.817	-0.366
4.833	-0.366
4.850	-0.395
4.867	-0.418
4.883	-0.437
4.900	-0.453
4.917	-0.465
4.933	-0.466
4.950	-0.475
4.967	-0.483
4.983	-0.489
5.000	-0.492
5.017	-0.493
5.033	-0.493
5.050	-0.492
5.067	-0.491
5.083	-0.488
5.100	-0.483
5.117	-0.476
5.133	-0.477
5.150	-0.468
5.167	-0.456
5.183	-0.440
5.200	-0.423
5.217	-0.400
5.233	-0.400
5.250	-0.373
5.267	-0.343
5.283	-0.304
5.300	-0.262
5.317	-0.214
5.333	-0.214
5.350	-0.160
5.367	-0.106
5.383	-4.594E-2
5.400	1.481E-2
5.417	7.211E-2
5.433	7.203E-2
5.450	0.123
5.467	
5.483	0.235
5.500	0.278
5.517	0.317
5.533	0.316
5.550	0.351
5.567	0.380
5.583	0.403
5.600	0.423
5.617	0.439
5.633	0.439
5.650	0.453
5.667	0.462
5.683	0.471
5.700	0.475
5.717	0.479
5.733	0.479
5.750	0.480
5.767	0.480
5.783	0.477
5.800	0.474
5.817	0.469
5.833	0.469
5.850	0.461
5.867	0.452
5.883	0.439
5.900	0.424
5.917	0.404
5.933	0.404
5.950	0.384
5.967	0.354
5.983	0.319
6.000	0.282
6.017	0.236
6.033	0.236
6.050	0.185
6.067	0.133
6.083	7.852E-2
6.100	1.481E-2
6.117	-3.595E-2
6.133	-3.564E-2
6.150	-9.293E-2
6.167	-0.146
6.183	-0.200
6.200	-0.246
6.217	-0.288
6.233	-0.288
6.250	-0.327
6.267	-0.358
6.283	-0.387
6.300	-0.409
6.317	-0.428
6.333	-0.427
6.350	-0.443
6.367	-0.455
6.383	-0.466
6.400	-0.473
6.417	-0.478
6.433	-0.478
6.450	-0.482
6.467	-0.483
6.483	-0.483
6.500	-0.482
6.517	-0.478
6.533	-0.478
6.550	-0.473
6.567	-0.465
6.583	-0.455
6.600	-0.443
6.617	-0.427
6.633	-0.427
6.650	-0.407
6.667	-0.385
6.683	-0.356
6.700	-0.325
6.717	-0.285
6.733	-0.286
6.750	-0.244
6.767	-0.198
6.783	-0.144
6.800	-9.085E-2
6.817	-3.372E-2
6.833	-3.369E-2
6.850	1.481E-2
6.867	6.932E-2
6.883	0.131
6.900	0.183
6.917	0.235
6.933	0.235
6.950	0.279
6.967	0.316
6.983	0.347
7.000	0.375
7.017	0.398
7.033	0.398
7.050	0.418
7.067	0.432
7.083	0.445
7.100	0.455
7.117	0.461
7.133	0.461
7.150	0.467
7.167	0.469
7.183	0.470
7.200	0.470
7.217	0.468
7.233	0.468
7.250	0.464
7.267	0.458
7.283	0.449
7.300	0.439
7.317	0.426
7.333	0.426
7.350	0.410
7.367	0.390
7.383	0.363
7.400	0.336
7.417	0.300
7.433	0.300
7.450	0.262
7.467	0.218
7.483	
7.500	0.115
7.517	6.673E-2
7.533	6.718E-2
7.550	1.270E-2
7.567	-4.419E-2
7.583	-0.102
7.600	-0.153
7.617	-0.203
7.633	-0.203
7.650	-0.249
7.667	-0.287
7.683	-0.325
7.700	-0.354
7.717	-0.380
7.733	-0.380
7.750	-0.403
7.767	-0.420
7.783	-0.436
7.800	-0.448
7.817	-0.457
7.833	-0.457
7.850	-0.464
7.867	-0.468
7.883	-0.471
7.900	-0.472
7.917	-0.471
7.933	-0.471
7.950	-0.468
7.967	-0.464
7.983	-0.458
8.000	-0.449
8.017	-0.438
8.033	-0.438
8.050	-0.424
8.067	-0.408
8.083	-0.386
8.100	-0.362
8.117	-0.333
8.133	-0.333
8.150	-0.297
8.167	-0.260
8.183	-0.215
8.200	-0.169
8.217	-0.118
8.233	-0.118
8.250	-6.498E-2
8.267	-1.814E-2
8.283	4.565E-2
8.300	9.689E-2
8.317	0.137
8.333	0.137
8.350	0.189
8.367	0.245
8.383	0.284
8.400	0.318
8.417	0.347
8.433	0.347
8.450	0.374
8.467	0.395
8.483	0.414
8.500	0.428
8.517	0.439
8.533	0.439
8.550	0.448
8.567	0.454
8.583	0.458
8.600	0.460
8.617	0.461
8.633	0.461
8.650	0.461
8.667	0.457
8.683	0.452
8.700	0.445
8.717	0.435
8.733	0.435
8.750	0.423
8.767	0.409
8.783	0.390
8.800	0.368
8.817	0.340
8.833	0.340
8.850	0.309
8.867	0.275
8.883	0.232
8.900	0.187
8.917	0.136
8.933	0.136
8.950	9.172E-2
8.967	3.298E-2
8.983	-2.411E-2
9.000	-7.183E-2
9.017	-0.125
9.033	-0.125
9.050	-0.174
9.067	-0.218
9.083	-0.260
9.100	-0.294
9.117	-0.328
9.133	-0.328
9.150	-0.357
9.167	-0.379
9.183	-0.400
9.200	-0.416
9.217	-0.429
9.233	-0.429
9.250	-0.440
9.267	-0.449
9.283	-0.455
9.300	-0.459
9.317	-0.461
9.333	-0.461
9.350	-0.461
9.367	-0.460
9.383	-0.456
9.400	-0.451
9.417	-0.444
9.433	-0.443
9.450	-0.433
9.467	-0.421
9.483	-0.405
9.500	-0.386
9.517	-0.363
9.533	-0.363
9.550	-0.337
9.567	-0.306
9.583	-0.269
9.600	-0.230
9.617	-0.186
9.633	-0.186
9.650	-0.138
9.667	-8.900E-2
9.683	-3.547E-2
9.700	8.381E-3
9.717	6.725E-2
9.733	6.719E-2
9.750	0.117
9.767	
9.783	0.210
9.800	0.251
9.817	0.287
9.833	0.287
9.850	0.319
9.867	0.346
9.883	0.371
9.900	0.389
9.917	0.405
9.933	0.405
9.950	0.419
9.967	0.429
9.983	0.438
10.000	0.444
10.017	0.448
10.033	0.448
10.050	0.449
10.067	0.449
10.083	0.447
10.100	0.442
10.117	0.436
10.133	0.436
10.150	0.427
10.167	0.417
10.183	0.401
10.200	0.386
10.217	0.365
10.233	0.365
10.250	0.340
10.267	0.314
10.283	0.278
10.300	0.242
10.317	0.196
10.333	0.195
10.350	0.142
10.367	
10.383	
10.400	8.307E-3
10.417	-4.719E-2
10.433	-4.736E-2
10.450	-9.767E-2
10.467	-0.145
10.483	-0.192
10.500	-0.233
10.517	-0.271
10.533	-0.272
10.550	-0.305
10.567	-0.335
10.583	-0.361
10.600	-0.382
10.617	-0.400
10.633	-0.399
10.650	-0.415
10.667	-0.426
10.683	-0.436
10.700	-0.443
10.717	-0.447
10.733	-0.448
10.750	-0.451
10.767	-0.452
10.783	-0.450
10.800	-0.448
10.817	-0.443
10.833	-0.442
10.850	-0.435
10.867	-0.426
10.883	-0.413
10.900	-0.399
10.917	-0.381
10.933	-0.381
10.950	-0.360
10.967	-0.336
10.983	-0.306
11.000	-0.274
11.017	-0.236
11.033	-0.236
11.050	-0.195
11.067	-0.151
11.083	-0.102
11.100	-5.391E-2
11.117	
11.133	
11.150	
11.167	8.037E-2
11.183	0.130
11.200	0.175
11.217	0.227
11.233	0.227
11.250	0.265
11.267	0.297
11.283	0.326
11.300	0.349
11.317	0.371
11.333	0.371
11.350	0.389
11.367	0.402
11.383	0.413
11.400	0.423
11.417	0.429
11.433	0.428
11.450	0.434
11.467	0.436
11.483	0.436
11.500	0.434
11.517	0.430
11.533	0.430
11.550	0.424
11.567	0.416
11.583	0.405
11.600	0.392
11.617	0.377
11.633	0.378
11.650	0.358
11.667	0.335
11.683	0.307
11.700	0.277
11.717	0.241
11.733	0.241
11.750	0.200
11.767	
11.783	0.110
11.800	6.836E-2
11.817	1.711E-2
11.833	1.054E-2
11.850	-3.124E-2
11.867	-7.941E-2
11.883	-0.128
11.900	-0.172
11.917	-0.214
11.933	-0.214
11.950	-0.252
11.967	-0.284
11.983	-0.315
12.000	-0.341
12.017	-0.364
12.033	-0.364
12.050	-0.383
12.067	-0.398
12.083	-0.411
12.100	-0.421
12.117	-0.430
12.133	-0.430
12.150	-0.435
12.167	-0.439
12.183	-0.441
12.200	-0.441
12.217	-0.438
12.233	-0.438
12.250	-0.434
12.267	-0.427
12.283	-0.418
12.300	-0.407
12.317	-0.393
12.333	-0.393
12.350	-0.375
12.367	-0.356
12.383	-0.332
12.400	-0.304
12.417	-0.272
12.433	-0.272
12.450	-0.237
12.467	
12.483	-0.155
12.500	-0.111
12.517	-6.389E-2
12.533	-6.362E-2
12.550	-2.426E-2
12.567	2.138E-2
12.583	7.741E-2
12.600	0.120
12.617	
12.633	
12.650	0.206
12.667	0.244
12.683	0.277
12.700	0.307
12.717	0.331
12.733	0.331
12.750	0.356
12.767	0.373
12.783	0.389
12.800	0.401
12.817	0.412
12.833	0.412
12.850	0.419
12.867	0.425
12.883	0.427
12.900	0.429
12.917	0.426
12.933	0.426
12.950	0.423
12.967	0.419
12.983	0.411
13.000	0.400
13.017	0.389
13.033	0.389
13.050	0.373
13.067	0.355
13.083	0.332
13.100	0.307
13.117	0.276
13.133	0.276
13.150	0.243
13.167	0.206
13.183	
13.200	0.119
13.217	7.409E-2
13.233	7.403E-2
13.250	
13.267	-2.479E-2
13.283	-7.741E-2
13.300	-0.112
13.317	-0.158
13.333	-0.157
13.350	-0.198
13.367	-0.235
13.383	-0.270
13.400	-0.299
13.417	-0.327
13.433	-0.327
13.450	-0.350
13.467	-0.368
13.483	-0.385
13.500	-0.399
13.517	-0.409
13.533	-0.409
13.550	-0.417
13.567	-0.423
13.583	-0.427
13.600	-0.429
13.617	-0.429
13.633	-0.429
13.650	-0.427
13.667	-0.423
13.683	-0.417
13.700	-0.408
13.717	-0.397
13.733	-0.397
13.750	-0.383
13.767	-0.368
13.783	-0.347
13.800	-0.325
13.817	-0.297
13.833	-0.297
13.850	-0.268
13.867	-0.235
13.883	-0.196
13.900	-0.156
13.917	-0.112
13.933	-0.112
13.950	-6.743E-2
13.967	-2.494E-2
13.983	8.216E-3
14.000	6.876E-2
14.017	0.112
14.033	0.111
14.050	
14.067	0.188
14.083	0.232
14.100	0.264
14.117	0.292
14.133	0.292
14.150	0.317
14.167	0.339
14.183	0.361
14.200	0.377
14.217	0.389
14.233	0.388
14.250	0.399
14.267	0.406
14.283	0.411
14.300	0.415
14.317	0.416
14.333	0.416
14.350	0.416
14.367	0.412
14.383	0.408
14.400	0.400
14.417	0.390
14.433	0.390
14.450	0.379
14.467	0.363
14.483	0.343
14.500	0.321
14.517	0.296
14.533	0.296
14.550	0.266
14.567	0.235
14.583	0.196
14.600	
14.617	0.114
14.633	0.114
14.650	7.234E-2
14.667	3.007E-2
14.683	-2.498E-2
14.700	-6.555E-2
14.717	-0.109
14.733	-0.109
14.750	-0.151
14.767	-0.190
14.783	-0.228
14.800	-0.259
14.817	-0.288
14.833	-0.287
14.850	-0.313
14.867	-0.336
14.883	-0.357
14.900	-0.372
14.917	-0.386
14.933	-0.386
14.950	-0.397
14.967	-0.405
14.983	-0.412
15.000	-0.416
15.017	-0.418
15.033	-0.418
15.050	-0.418
15.067	-0.416
15.083	-0.412
15.100	-0.406
15.117	-0.397
15.133	-0.397
15.150	-0.386
15.167	-0.373
15.183	-0.357
15.200	-0.338
15.217	-0.315
15.233	-0.315
15.250	-0.289
15.267	-0.260
15.283	-0.226
15.300	-0.192
15.317	-0.152
15.333	-0.152
15.350	-0.111
15.367	
15.383	-2.502E-2
15.400	1.910E-2
15.417	6.665E-2
15.433	6.699E-2
15.450	0.109
15.467	0.139
15.483	0.185
15.500	0.229
15.517	0.261
15.533	0.261
15.550	0.290
15.567	0.315
15.583	0.339
15.600	0.355
15.617	0.371
15.633	0.371
15.650	0.383
15.667	0.394
15.683	0.402
15.700	0.408
15.717	0.411
15.733	0.411
15.750	0.411
15.767	0.410
15.783	0.407
15.800	0.402
15.817	0.394
15.833	0.394
15.850	0.385
15.867	0.373
15.883	0.357
15.900	0.340
15.917	0.317
15.933	0.317
15.950	0.293
15.967	0.266
15.983	0.233
16.000	0.199
16.017	
16.033	
16.050	0.116
16.067	8.149E-2
16.083	1.910E-2
16.100	-1.806E-2
16.117	-5.640E-2
16.133	-5.658E-2
16.150	-9.970E-2
16.167	-0.141
16.183	-0.182
16.200	-0.216
16.217	-0.250
16.233	-0.250
16.250	-0.279
16.267	-0.304
16.283	-0.329
16.300	-0.347
16.317	-0.365
16.333	-0.365
16.350	-0.378
16.367	-0.389
16.383	-0.398
16.400	-0.404
16.417	-0.407
16.433	-0.407
16.450	-0.409
16.467	-0.409
16.483	-0.407
16.500	-0.403
16.517	-0.397
16.533	-0.397
16.550	-0.388
16.567	-0.377
16.583	-0.363
16.600	-0.347
16.617	-0.328
16.633	-0.328
16.650	-0.305
16.667	-0.280
16.683	-0.250
16.700	-0.219
16.717	-0.183
16.733	-0.183
16.750	-0.145
16.767	-0.105
16.783	-6.166E-2
16.800	-2.423E-2
16.817	2.576E-2
16.833	
16.850	5.213E-2
16.867	
16.883	
16.900	
16.917	0.224
16.933	0.222
16.950	0.253
16.967	0.282
16.983	0.308
17.000	0.328
17.017	0.347
17.033	0.346
17.050	0.362
17.067	0.374
17.083	0.385
17.100	0.392
17.117	0.397
17.133	0.397
17.150	0.401
17.167	0.402
17.183	0.401
17.200	0.399
17.217	0.393
17.233	0.393
17.250	0.387
17.267	0.376
17.283	0.362
17.300	0.348
17.317	0.329
17.333	0.329
17.350	0.308
17.367	0.283
17.383	0.254
17.400	0.224
17.417	0.187
17.433	0.187
17.450	0.148
17.467	9.819E-2
17.483	7.087E-2
17.500	1.719E-2
17.517	
17.533	
17.550	-5.739E-2
17.567	-9.721E-2
17.583	-0.140
17.600	-0.176
17.617	-0.212
17.633	-0.212
17.650	-0.244
17.667	-0.272
17.683	-0.297
17.700	-0.319
17.717	-0.339
17.733	-0.339
17.750	-0.355
17.767	-0.368
17.783	-0.379
17.800	-0.387
17.817	-0.394
17.833	-0.393
17.850	-0.397
17.867	-0.399
17.883	-0.399
17.900	-0.396
17.917	-0.392
17.933	-0.392
17.950	-0.385
17.967	-0.377
17.983	-0.366
18.000	-0.352
18.017	-0.336
18.033	-0.336
18.050	-0.315
18.067	-0.294
18.083	-0.268
18.100	-0.240
18.117	-0.209
18.133	-0.208
18.150	-0.174
18.167	-0.138
18.183	-9.778E-2
18.200	-5.881E-2
18.217	-2.407E-2
18.233	-2.463E-2
18.250	1.923E-2
18.267	6.560E-2
18.283	0.105
18.300	0.138
18.317	0.176
18.333	0.176
18.350	0.217
18.367	0.248
18.383	0.276
18.400	0.300
18.417	0.322
18.433	0.322
18.450	0.339
18.467	0.354
18.483	0.367
18.500	0.376
18.517	0.384
18.533	0.384
18.550	0.389
18.567	0.393
18.583	0.394
18.600	0.393
18.617	0.389
18.633	0.389
18.650	0.384
18.667	0.376
18.683	0.366
18.700	0.354
18.717	0.337
18.733	0.337
18.750	0.317
18.767	0.297
18.783	0.270
18.800	0.244
18.817	0.212
18.833	0.212
18.850	0.177
18.867	
18.883	0.101
18.900	6.611E-2
18.917	1.923E-2
18.933	
18.950	-2.706E-2
18.967	-6.053E-2
18.983	-0.101
19.000	-0.139
19.017	-0.176
19.033	-0.175
19.050	-0.209
19.067	-0.239
19.083	-0.267
19.100	-0.290
19.117	-0.312
19.133	-0.312
19.150	-0.331
19.167	-0.346
19.183	-0.359
19.200	-0.370
19.217	-0.378
19.233	-0.377
19.250	-0.383
19.267	-0.387
19.283	-0.388
19.300	-0.387
19.317	-0.384
19.333	-0.385
19.350	-0.380
19.367	-0.374
19.383	-0.364
19.400	-0.353
19.417	-0.338
19.433	-0.338
19.450	-0.322
19.467	-0.302
19.483	-0.280
19.500	-0.255
19.517	-0.227
19.533	-0.227
19.550	-0.196
19.567	-0.163
19.583	-0.126
19.600	-8.953E-2
19.617	-4.905E-2
19.633	-4.920E-2
19.650	
19.667	1.707E-2
19.683	6.991E-2
19.700	0.108
19.717	0.139
19.733	0.139
19.750	0.175
19.767	0.207
19.783	0.247
19.800	0.272
19.817	0.296
19.833	0.296
19.850	0.316
19.867	0.333
19.883	0.348
19.900	0.358
19.917	0.368
19.933	0.368
19.950	0.376
19.967	0.380
19.983	0.383
20.000	0.383
20.017	0.381
20.033	0.381
20.050	0.378
20.067	0.371
20.083	0.363
20.100	0.353
20.117	0.339
20.133	0.339
20.150	0.324
20.167	0.305
20.183	0.281
20.200	0.257
20.217	0.228
20.233	0.228
20.250	0.197
20.267	
20.283	0.119
20.300	9.040E-2
20.317	3.474E-2
20.333	
20.350	
20.367	
20.383	-7.084E-2
20.400	-0.107
20.417	-0.145
20.433	-0.145
20.450	-0.178
20.467	-0.209
20.483	-0.240
20.500	-0.265
20.517	-0.286
20.533	-0.287
20.550	-0.307
20.567	-0.325
20.583	-0.340
20.600	-0.351
20.617	-0.361
20.633	-0.361
20.650	-0.368
20.667	-0.373
20.683	-0.375
20.700	-0.377
20.717	-0.375
20.733	-0.375
20.750	-0.372
20.767	-0.366
20.783	-0.359
20.800	-0.350
20.817	-0.338
20.833	-0.338
20.850	-0.324
20.867	-0.306
20.883	-0.285
20.900	-0.264
20.917	-0.237
20.933	-0.237
20.950	-0.210
20.967	-0.179
20.983	-0.145
21.000	-0.111
21.017	-7.364E-2
21.033	-7.378E-2
21.050	-3.717E-2
21.067	6.056E-3
21.083	4.181E-2
21.100	7.709E-2
21.117	0.114
21.133	0.114
21.150	0.141
21.167	0.175
21.183	0.209
21.200	0.237
21.217	0.262
21.233	0.262
21.250	0.285
21.267	0.304
21.283	0.320
21.300	0.334
21.317	0.346
21.333	0.346
21.350	0.355
21.367	0.361
21.383	0.366
21.400	0.367
21.417	0.367
21.433	0.367
21.450	0.365
21.467	0.359
21.483	0.353
21.500	0.344
21.517	0.332
21.533	0.331
21.550	0.317
21.567	0.300
21.583	0.280
21.600	0.259
21.617	0.232
21.633	0.231
21.650	0.205
21.667	0.174
21.683	0.136
21.700	0.107
21.717	7.151E-2
21.733	7.197E-2
21.750	2.845E-2
21.767	3.903E-3
21.783	-4.140E-2
21.800	-7.649E-2
21.817	-0.114
21.833	-0.114
21.850	-0.148
21.867	-0.180
21.883	-0.211
21.900	-0.237
21.917	-0.262
21.933	-0.262
21.950	-0.283
21.967	-0.302
21.983	-0.318
22.000	-0.332
22.017	-0.343
22.033	-0.343
22.050	-0.352
22.067	-0.359
22.083	-0.364
22.100	-0.366
22.117	-0.367
22.133	-0.366
22.150	-0.365
22.167	-0.361
22.183	-0.356
22.200	-0.348
22.217	-0.337
22.233	-0.338
22.250	-0.326
22.267	-0.309
22.283	-0.291
22.300	-0.272
22.317	-0.249
22.333	-0.249
22.350	-0.224
22.367	-0.196
22.383	-0.166
22.400	-0.134
22.417	-9.793E-2
22.433	-9.800E-2
22.450	-6.267E-2
22.467	-2.687E-2
22.483	6.124E-3
22.500	3.932E-2
22.517	8.412E-2
22.533	8.423E-2
22.550	0.117
22.567	
22.583	0.184
22.600	0.212
22.617	0.240
22.633	0.240
22.650	0.264
22.667	0.284
22.683	0.303
22.700	0.318
22.717	0.332
22.733	0.332
22.750	0.342
22.767	0.350
22.783	0.356
22.800	0.360
22.817	0.362
22.833	0.363
22.850	0.361
22.867	0.359
22.883	0.354
22.900	0.347
22.917	0.337
22.933	0.337
22.950	0.325
22.967	0.310
22.983	0.293
23.000	0.274
23.017	0.251
23.033	0.251
23.050	0.226
23.067	0.197
23.083	
23.100	0.124
23.117	9.742E-2
23.133	9.724E-2
23.150	6.559E-2
23.167	2.599E-2
23.183	
23.200	-4.657E-2
23.217	-8.393E-2
23.233	-8.446E-2
23.250	-0.119
23.267	-0.152
23.283	-0.183
23.300	-0.211
23.317	-0.237
23.333	-0.237
23.350	-0.259
23.367	-0.280
23.383	-0.297
23.400	-0.312
23.417	-0.326
23.433	-0.326
23.450	-0.336
23.467	-0.343
23.483	-0.349
23.500	-0.353
23.517	-0.354
23.533	-0.354
23.550	-0.354
23.567	-0.351
23.583	-0.347
23.600	-0.340
23.617	-0.332
23.633	-0.332
23.650	-0.322
23.667	-0.308
23.683	-0.292
23.700	-0.275
23.717	-0.253
23.733	-0.253
23.750	-0.230
23.767	-0.205
23.783	-0.176
23.800	-0.146
23.817	-0.112
23.833	-0.113
23.850	-7.946E-2
23.867	-4.435E-2
23.883	
23.900	2.410E-2
23.917	6.622E-2
23.933	6.599E-2
23.950	9.893E-2
23.967	0.130
23.983	0.161
24.000	0.191
24.017	0.221
24.033	0.221
24.050	0.246
24.067	0.268
24.083	0.287
24.100	0.304
24.117	0.320
24.133	0.320
24.150	0.331
24.167	0.340
24.183	0.347
24.200	0.352
24.217	0.355
24.233	0.355
24.250	0.355
24.267	0.354
24.283	0.350
24.300	0.345
24.317	0.336
24.333	0.336
24.350	0.325
24.367	0.312
24.383	0.297
24.400	0.279
24.417	0.257
24.433	0.257
24.450	0.235
24.467	0.209
24.483	0.179
24.500	
24.517	0.114
24.533	0.114
24.550	8.174E-2
24.567	3.529E-2
24.583	1.738E-2
24.600	-2.539E-2
24.617	-6.082E-2
24.633	-6.053E-2
24.650	-9.352E-2
24.667	-0.127
24.683	-0.159
24.700	-0.187
24.717	-0.214
24.733	-0.215
24.750	-0.238
24.767	-0.260
24.783	-0.279
24.800	-0.293
24.817	-0.308
24.833	-0.308
24.850	-0.319
24.867	-0.329
24.883	-0.336
24.900	-0.341
24.917	-0.345
24.933	-0.344
24.950	-0.345
24.967	-0.344
24.983	-0.341
25.000	-0.336
25.017	-0.329
25.033	-0.329
25.050	-0.319
25.067	-0.307
25.083	-0.292
25.100	-0.278
25.117	-0.258
25.133	-0.258
25.150	-0.237
25.167	-0.214
25.183	-0.188
25.200	-0.161
25.217	-0.129
25.233	-0.129
25.250	-9.867E-2
25.267	-6.499E-2
25.283	-3.128E-2
25.300	1.738E-2
25.317	3.529E-2
25.333	3.529E-2
25.350	7.055E-2
25.367	
25.383	0.133
25.400	
25.417	0.192
25.433	0.192
25.450	0.218
25.467	0.242
25.483	0.263
25.500	0.281
25.517	0.297
25.533	0.297
25.550	0.309
25.567	0.321
25.583	0.330
25.600	0.335
25.617	0.339
25.633	0.339
25.650	0.342
25.667	0.342
25.683	0.340
25.700	0.335
25.717	0.329
25.733	0.329
25.750	0.320
25.767	0.309
25.783	0.295
25.800	0.279
25.817	0.259
25.833	0.259
25.850	0.238
25.867	0.214
25.883	0.188
25.900	
25.917	0.118
25.933	0.118
25.950	9.083E-2
25.967	6.673E-2
25.983	1.962E-2
26.000	
26.017	-3.736E-2
26.033	-3.738E-2
26.050	-6.980E-2
26.067	-0.102
26.083	-0.134
26.100	-0.162
26.117	-0.190
26.133	-0.190
26.150	-0.214
26.167	-0.237
26.183	-0.257
26.200	-0.274
26.217	-0.289
26.233	-0.289
26.250	-0.302
26.267	-0.312
26.283	-0.322
26.300	-0.328
26.317	-0.332
26.333	-0.332
26.350	-0.334
26.367	-0.334
26.383	-0.333
26.400	-0.329
26.417	-0.323
26.433	-0.323
26.450	-0.314
26.467	-0.304
26.483	-0.292
26.500	-0.279
26.517	-0.262
26.533	-0.261
26.550	-0.243
26.567	-0.221
26.583	-0.198
26.600	-0.172
26.617	-0.144
26.633	-0.144
26.650	-0.115
26.667	-8.424E-2
26.683	-5.170E-2
26.700	-2.416E-2
26.717	1.738E-2
26.733	1.738E-2
26.750	4.423E-2
26.767	7.737E-2
26.783	0.109
26.800	0.135
26.817	0.167
26.833	0.167
26.850	0.192
26.867	0.217
26.883	0.239
26.900	0.257
26.917	0.274
26.933	0.275
26.950	0.290
26.967	0.301
26.983	0.311
27.000	0.317
27.017	0.323
27.033	0.323
27.050	0.325
27.067	0.326
27.083	0.325
27.100	0.322
27.117	0.316
27.133	0.316
27.150	0.308
27.167	0.299
27.183	0.286
27.200	0.272
27.217	0.254
27.233	0.254
27.250	0.235
27.267	0.213
27.283	0.188
27.300	0.164
27.317	0.131
27.333	0.131
27.350	
27.367	
27.383	4.423E-2
27.400	2.186E-2
27.417	
27.433	
27.450	
27.467	
27.483	-0.114
27.500	-0.141
27.517	-0.166
27.533	-0.170
27.550	-0.190
27.567	-0.215
27.583	-0.246
27.600	
27.617	
27.633	
27.650	
27.667	
27.683	-0.309
27.700	-0.319
27.717	
27.733	
27.750	
27.767	
27.783	
27.800	
27.817	-0.312
27.833	-0.320
27.850	
27.867	
27.883	
27.900	
27.917	
27.933	
27.950	
27.967	
27.983	
28.000	
28.017	
28.033	
28.050	
28.067	
28.083	
28.100	
28.117	
28.133	
28.150	2.864E-2
28.167	6.703E-2
28.183	9.810E-2
28.200	0.128
28.217	0.149
28.233	0.149
28.250	0.175
28.267	0.200
28.283	0.223
28.300	0.243
28.317	0.261
28.333	0.261
28.350	0.276
28.367	0.290
28.383	0.301
28.400	0.309
28.417	0.316
28.433	0.316
28.450	0.320
28.467	0.322
28.483	0.322
28.500	0.320
28.517	0.316
28.533	0.316
28.550	0.309
28.567	0.301
28.583	0.290
28.600	0.276
28.617	0.260
28.633	0.260
28.650	0.243
28.667	0.223
28.683	0.200
28.700	0.176
28.717	
28.733	
28.750	0.120
28.767	9.011E-2
28.783	6.434E-2
28.800	1.302E-2
28.817	
28.833	-5.068E-3
28.850	-3.442E-2
28.867	-6.585E-2
28.883	-9.628E-2
28.900	-0.124
28.917	-0.153
28.933	-0.153
28.950	-0.178
28.967	-0.202
28.983	-0.223
29.000	-0.241
29.017	-0.258
29.033	-0.259
29.050	-0.273
29.067	-0.284
29.083	-0.294
29.100	-0.301
29.117	-0.308
29.133	-0.308
29.150	-0.312
29.167	-0.314
29.183	-0.314
29.200	-0.312
29.217	-0.308
29.233	-0.308
29.250	-0.303
29.267	-0.294
29.283	-0.284
29.300	-0.273
29.317	-0.259
29.333	-0.258
29.350	-0.242
29.367	-0.224
29.383	-0.205
29.400	-0.182
29.417	-0.157
29.433	-0.157
29.450	-0.132
29.467	-0.104
29.483	-7.453E-2
29.500	-4.543E-2
29.517	
29.533	
29.550	2.415E-2
29.567	4.657E-2
29.583	7.798E-2
29.600	0.106
29.617	0.134
29.633	0.133
29.650	0.158
29.667	0.184
29.683	0.206
29.700	0.227
29.717	0.246
29.733	0.246
29.750	0.261
29.767	0.274
29.783	0.286
29.800	0.295
29.817	0.303
29.833	0.303
29.850	0.308
29.867	0.311
29.883	0.313
29.900	0.311
29.917	0.308
29.933	0.309
29.950	0.303
29.967	0.296
29.983	0.286
30.000	0.275
30.017	0.259
30.033	0.259
30.050	0.244
30.067	0.225
30.083	0.205
30.100	0.182
30.117	
30.133	
30.150	
30.167	0.102
30.183	7.258E-2
30.200	4.433E-2
30.217	2.196E-2
30.233	1.746E-2
30.250	-2.448E-2
30.267	-4.562E-2
30.283	-8.205E-2
30.300	-0.110
30.317	-0.138
30.333	-0.138
30.350	-0.162
30.367	-0.186
30.383	-0.207
30.400	-0.226
30.417	-0.244
30.433	-0.243
30.450	-0.257
30.467	-0.271
30.483	-0.280
30.500	-0.289
30.517	-0.296
30.533	-0.296
30.550	-0.300
30.567	-0.303
30.583	-0.304
30.600	-0.304
30.617	-0.300
30.633	-0.300
30.650	-0.296
30.667	-0.289
30.683	-0.281
30.700	-0.271
30.717	-0.258
30.733	-0.258
30.750	-0.243
30.767	-0.226
30.783	-0.208
30.800	-0.187
30.817	-0.164
30.833	-0.164
30.850	-0.141
30.867	-0.114
30.883	-8.606E-2
30.900	-5.878E-2
30.917	-2.847E-2
30.933	-2.843E-2
30.950	1.071E-2
30.967	3.320E-2
30.983	6.457E-2
31.000	8.829E-2
31.017	0.117
31.033	0.117
31.050	0.141
31.067	0.167
31.083	0.190
31.100	0.210
31.117	0.231
31.133	0.230
31.150	0.245
31.167	0.260
31.183	0.273
31.200	0.282
31.217	0.292
31.233	0.292
31.250	0.297
31.267	0.301
31.283	0.303
31.300	0.302
31.317	0.299
31.333	0.299
31.350	0.295
31.367	0.288
31.383	0.280
31.400	0.269
31.417	0.256
31.433	0.256
31.450	0.241
31.467	0.223
31.483	0.204
31.500	0.184
31.517	
31.533	
31.550	
31.567	0.107
31.583	8.140E-2
31.600	
31.617	2.864E-2
31.633	1.517E-2
31.650	
31.667	-3.576E-2
31.683	-6.443E-2
31.700	-9.177E-2
31.717	-0.119
31.733	-0.119
31.750	-0.143
31.767	-0.167
31.783	-0.189
31.800	-0.209
31.817	-0.226
31.833	-0.226
31.850	-0.242
31.867	-0.256
31.883	-0.267
31.900	-0.276
31.917	-0.283
31.933	-0.282
31.950	-0.287
31.967	-0.291
31.983	-0.294
32.000	-0.293
32.017	-0.291
32.033	-0.291
32.050	-0.288
32.067	-0.282
32.083	-0.274
32.100	-0.265
32.117	-0.254
32.133	-0.253
32.150	-0.240
32.167	-0.225
32.183	-0.207
32.200	-0.188
32.217	-0.166
32.233	-0.166
32.250	-0.144
32.267	-0.119
32.283	-9.263E-2
32.300	-6.699E-2
32.317	-3.820E-2
32.333	-3.865E-2
32.350	
32.367	2.181E-2
32.383	5.083E-2
32.400	7.257E-2
32.417	0.100
32.433	0.100
32.450	0.125
32.467	0.142
32.483	0.169
32.500	0.190
32.517	0.210
32.533	0.210
32.550	0.227
32.567	0.242
32.583	0.255
32.600	0.265
32.617	0.274
32.633	0.274
32.650	0.281
32.667	0.285
32.683	0.289
32.700	0.289
32.717	0.287
32.733	0.287
32.750	0.284
32.767	0.279
32.783	0.271
32.800	0.262
32.817	0.250
32.833	0.250
32.850	0.237
32.867	0.221
32.883	0.202
32.900	0.183
32.917	
32.933	
32.950	
32.967	0.111
32.983	8.580E-2
33.000	6.564E-2
33.017	1.957E-2
33.033	1.510E-2
33.050	-5.423E-4
33.067	-2.495E-2
33.083	-5.150E-2
33.100	-7.738E-2
33.117	-0.105
33.133	-0.105
33.150	-0.130
33.167	-0.153
33.183	-0.174
33.200	-0.193
33.217	-0.212
33.233	-0.212
33.250	-0.228
33.267	-0.242
33.283	-0.254
33.300	-0.263
33.317	-0.272
33.333	-0.272
33.350	-0.278
33.367	-0.282
33.383	-0.284
33.400	-0.285
33.417	-0.284
33.433	-0.284
33.450	-0.280
33.467	-0.276
33.483	-0.270
33.500	-0.261
33.517	-0.251
33.533	-0.251
33.550	-0.240
33.567	-0.225
33.583	-0.210
33.600	-0.192
33.617	-0.171
33.633	-0.171
33.650	-0.150
33.667	-0.127
33.683	-0.102
33.700	-7.740E-2
33.717	-4.932E-2
33.733	-4.942E-2
33.750	-2.498E-2
33.767	2.431E-2
33.783	3.786E-2
33.800	
33.817	8.516E-2
33.833	8.473E-2
33.850	0.109
33.867	0.130
33.883	0.154
33.900	0.177
33.917	0.196
33.933	0.196
33.950	0.214
33.967	0.230
33.983	0.243
34.000	0.254
34.017	0.265
34.033	0.265
34.050	0.272
34.067	0.278
34.083	0.281
34.100	0.283
34.117	0.282
34.133	0.282
34.150	0.279
34.167	0.275
34.183	0.268
34.200	0.260
34.217	0.250
34.233	0.250
34.250	0.238
34.267	0.222
34.283	0.206
34.300	0.188
34.317	0.169
34.333	0.169
34.350	0.147
34.367	0.123
34.383	9.763E-2
34.400	7.193E-2
34.417	4.172E-2
34.433	3.283E-2
34.450	8.362E-3
34.467	
34.483	-3.843E-2
34.500	-6.468E-2
34.517	-9.153E-2
34.533	-9.164E-2
34.550	-0.116
34.567	-0.139
34.583	-0.162
34.600	-0.182
34.617	-0.200
34.633	-0.200
34.650	-0.216
34.667	-0.231
34.683	-0.243
34.700	-0.253
34.717	-0.262
34.733	-0.261
34.750	-0.268
34.767	-0.273
34.783	-0.276
34.800	-0.277
34.817	-0.276
34.833	-0.277
34.850	-0.275
34.867	-0.271
34.883	-0.265
34.900	-0.258
34.917	-0.248
34.933	-0.248
34.950	-0.237
34.967	-0.224
34.983	-0.208
35.000	-0.192
35.017	-0.173
35.033	-0.173
35.050	-0.153
35.067	-0.131
35.083	-0.107
35.100	-8.325E-2
35.117	-5.676E-2
35.133	-5.669E-2
35.150	-3.122E-2
35.167	
35.183	1.715E-2
35.200	4.365E-2
35.217	7.368E-2
35.233	7.383E-2
35.250	9.805E-2
35.267	0.122
35.283	
35.300	0.167
35.317	0.186
35.333	0.186
35.350	0.203
35.367	0.218
35.383	0.232
35.400	0.243
35.417	0.254
35.433	0.254
35.450	0.262
35.467	0.268
35.483	0.272
35.500	0.274
35.517	0.274
35.533	0.274
35.550	0.272
35.567	0.267
35.583	0.261
35.600	0.254
35.617	0.244
35.633	0.245
35.650	0.234
35.667	0.221
35.683	0.204
35.700	0.188
35.717	0.169
35.733	0.169
35.750	0.149
35.767	0.125
35.783	0.102
35.800	7.794E-2
35.817	4.575E-2
35.833	5.317E-2
35.850	2.639E-2
35.867	-9.567E-3
35.883	-2.747E-2
35.900	-5.244E-2
35.917	-7.806E-2
35.933	-7.802E-2
35.950	-0.102
35.967	-0.125
35.983	-0.147
36.000	-0.166
36.017	-0.186
36.033	-0.186
36.050	-0.202
36.067	-0.217
36.083	-0.230
36.100	-0.240
36.117	-0.250
36.133	-0.250
36.150	-0.257
36.167	-0.262
36.183	-0.266
36.200	-0.268
36.217	-0.269
36.233	-0.268
36.250	-0.267
36.267	-0.263
36.283	-0.258
36.300	-0.252
36.317	-0.243
36.333	-0.243
36.350	-0.233
36.367	-0.221
36.383	-0.206
36.400	-0.191
36.417	-0.173
36.433	-0.174
36.450	-0.155
36.467	-0.134
36.483	-0.112
36.500	-8.964E-2
36.517	-6.429E-2
36.533	-6.396E-2
36.550	-3.962E-2
36.567	
36.583	8.438E-3
36.600	3.537E-2
36.617	6.544E-2
36.633	6.564E-2
36.650	8.833E-2
36.667	0.111
36.683	0.133
36.700	0.154
36.717	0.174
36.733	0.174
36.750	0.190
36.767	0.206
36.783	0.220
36.800	0.233
36.817	0.244
36.833	0.244
36.850	0.251
36.867	0.258
36.883	0.262
36.900	0.265
36.917	0.266
36.933	0.266
36.950	0.265
36.967	0.262
36.983	0.257
37.000	0.251
37.017	0.242
37.033	0.242
37.050	0.232
37.067	0.219
37.083	0.204
37.100	0.189
37.117	0.170
37.133	0.170
37.150	0.152
37.167	0.130
37.183	0.108
37.200	8.489E-2
37.217	
37.233	
37.250	2.394E-2
37.267	
37.283	-1.619E-2
37.300	-4.075E-2
37.317	-6.941E-2
37.333	-6.715E-2
37.350	-9.046E-2
37.367	-0.113
37.383	-0.135
37.400	-0.154
37.417	-0.174
37.433	-0.174
37.450	-0.190
37.467	-0.205
37.483	-0.219
37.500	-0.229
37.517	-0.239
37.533	-0.239
37.550	-0.247
37.567	-0.253
37.583	-0.257
37.600	-0.259
37.617	-0.260
37.633	-0.260
37.650	-0.259
37.667	-0.257
37.683	-0.252
37.700	-0.246
37.717	-0.238
37.733	-0.238
37.750	-0.229
37.767	-0.218
37.783	-0.205
37.800	-0.191
37.817	-0.174
37.833	-0.174
37.850	-0.156
37.867	-0.137
37.883	-0.116
37.900	-9.468E-2
37.917	-7.085E-2
37.933	-7.076E-2
37.950	-4.701E-2
37.967	-2.507E-2
37.983	1.706E-3
38.000	2.870E-2
38.017	6.702E-2
38.033	6.926E-2
38.050	7.459E-2
38.067	9.728E-2
38.083	0.119
38.100	0.140
38.117	0.161
38.133	0.161
38.150	0.177
38.167	0.192
38.183	0.207
38.200	0.219
38.217	0.230
38.233	0.230
38.250	0.239
38.267	0.246
38.283	0.251
38.300	0.254
38.317	0.256
38.333	0.256
38.350	0.255
38.367	0.253
38.383	0.249
38.400	0.242
38.417	0.234
38.433	0.234
38.450	0.225
38.467	0.213
38.483	0.199
38.500	0.185
38.517	0.168
38.533	0.169
38.550	0.151
38.567	0.130
38.583	0.108
38.600	8.631E-2
38.617	6.498E-2
38.633	6.564E-2
38.650	4.871E-2
38.667	1.738E-2
38.683	
38.700	-3.285E-2
38.717	-5.722E-2
38.733	-5.699E-2
38.750	-7.992E-2
38.767	-0.102
38.783	-0.124
38.800	-0.144
38.817	-0.162
38.833	-0.162
38.850	-0.178
38.867	-0.193
38.883	-0.206
38.900	-0.218
38.917	-0.228
38.933	-0.228
38.950	-0.236
38.967	-0.243
38.983	-0.247
39.000	-0.250
39.017	-0.252
39.033	-0.252
39.050	-0.252
39.067	-0.250
39.083	-0.246
39.100	-0.241
39.117	-0.234
39.133	-0.234
39.150	-0.225
39.167	-0.215
39.183	-0.203
39.200	-0.189
39.217	-0.173
39.233	-0.174
39.250	-0.157
39.267	-0.139
39.283	-0.118
39.300	-9.873E-2
39.317	-7.569E-2
39.333	-7.577E-2
39.350	-5.315E-2
39.367	-3.021E-2
39.383	
39.400	8.400E-3
39.417	3.521E-2
39.433	5.528E-2
39.450	6.611E-2
39.467	8.696E-2
39.483	0.109
39.500	0.129
39.517	0.150
39.533	0.150
39.550	0.167
39.567	0.183
39.583	0.198
39.600	0.211
39.617	0.222
39.633	0.222
39.650	0.232
39.667	0.239
39.683	0.245
39.700	0.249
39.717	0.251
39.733	0.251
39.750	0.250
39.767	0.249
39.783	0.245
39.800	0.240
39.817	0.232
39.833	0.232
39.850	0.222
39.867	0.211
39.883	0.198
39.900	0.185
39.917	0.169
39.933	0.169
39.950	0.152
39.967	0.133
39.983	0.113
40.000	9.158E-2
40.017	6.898E-2
40.033	6.909E-2
40.050	3.521E-2
40.067	1.734E-2
40.083	-7.263E-3
40.100	-2.560E-2
40.117	-4.870E-2
40.133	-4.838E-2
40.150	-7.092E-2
40.167	-9.229E-2
40.183	-0.114
40.200	-0.133
40.217	-0.152
40.233	-0.152
40.250	-0.169
40.267	-0.183
40.283	-0.197
40.300	-0.209
40.317	-0.219
40.333	-0.219
40.350	-0.227
40.367	-0.233
40.383	-0.239
40.400	-0.242
40.417	-0.244
40.433	-0.243
40.450	-0.243
40.467	-0.242
40.483	-0.238
40.500	-0.233
40.517	-0.227
40.533	-0.227
40.550	-0.219
40.567	-0.210
40.583	-0.199
40.600	-0.185
40.617	-0.171
40.633	-0.171
40.650	-0.154
40.667	-0.138
40.683	-0.118
40.700	-9.836E-2
40.717	-7.723E-2
40.733	-7.752E-2
40.750	-5.541E-2
40.767	-3.335E-2
40.783	
40.800	-5.423E-4
40.817	3.095E-2
40.833	3.095E-2
40.850	
40.867	8.021E-2
40.883	0.102
40.900	0.121
40.917	
40.933	
40.950	0.159
40.967	0.180
40.983	0.193
41.000	0.206
41.017	0.217
41.033	0.217
41.050	0.227
41.067	0.234
41.083	0.241
41.100	0.244
41.117	0.247
41.133	0.247
41.150	0.247
41.167	0.246
41.183	0.242
41.200	0.238
41.217	0.231
41.233	0.231
41.250	0.223
41.267	0.212
41.283	0.200
41.300	0.187
41.317	0.171
41.333	0.171
41.350	0.154
41.367	0.136
41.383	0.115
41.400	9.465E-2
41.417	7.228E-2
41.433	7.279E-2
41.450	4.453E-2
41.467	2.651E-2
41.483	-5.459E-4
41.500	
41.517	-4.141E-2
41.533	-4.118E-2
41.550	-6.366E-2
41.567	-8.464E-2
41.583	-0.106
41.600	-0.125
41.617	-0.143
41.633	-0.143
41.650	-0.160
41.667	-0.175
41.683	-0.189
41.700	-0.201
41.717	-0.211
41.733	-0.211
41.750	-0.220
41.767	-0.227
41.783	-0.232
41.800	-0.236
41.817	-0.238
41.833	-0.238
41.850	-0.239
41.867	-0.237
41.883	-0.235
41.900	-0.231
41.917	-0.225
41.933	-0.225
41.950	-0.217
41.967	-0.208
41.983	-0.197
42.000	-0.185
42.017	-0.171
42.033	-0.171
42.050	-0.155
42.067	-0.140
42.083	-0.121
42.100	-0.102
42.117	-8.214E-2
42.133	-8.253E-2
42.150	-6.111E-2
42.167	-4.064E-2
42.183	-2.477E-2
42.200	8.419E-3
42.217	2.864E-2
42.233	3.327E-2
42.250	5.140E-2
42.267	6.747E-2
42.283	8.863E-2
42.300	0.108
42.317	0.124
42.333	0.124
42.350	0.143
42.367	0.159
42.383	0.173
42.400	0.185
42.417	0.197
42.433	0.197
42.450	0.208
42.467	0.215
42.483	0.221
42.500	0.226
42.517	0.228
42.533	0.228
42.550	0.229
42.567	0.228
42.583	0.225
42.600	0.221
42.617	0.215
42.633	0.215
42.650	0.207
42.667	0.198
42.683	0.186
42.700	0.173
42.717	0.159
42.733	0.158
42.750	0.141
42.767	0.124
42.783	0.105
42.800	8.579E-2
42.817	6.671E-2
42.833	6.697E-2
42.850	5.365E-2
42.867	3.561E-2
42.883	8.381E-3
42.900	-2.457E-2
42.917	-4.401E-2
42.933	-4.393E-2
42.950	-6.546E-2
42.967	-8.500E-2
42.983	-0.106
43.000	-0.124
43.017	-0.141
43.033	-0.141
43.050	-0.158
43.067	-0.172
43.083	-0.185
43.100	-0.197
43.117	-0.206
43.133	-0.206
43.150	-0.215
43.167	-0.222
43.183	-0.227
43.200	-0.231
43.217	-0.234
43.233	-0.234
43.250	-0.235
43.267	-0.234
43.283	-0.232
43.300	-0.229
43.317	-0.224
43.333	-0.224
43.350	-0.217
43.367	-0.209
43.383	-0.200
43.400	-0.188
43.417	-0.176
43.433	-0.176
43.450	-0.161
43.467	-0.146
43.483	-0.130
43.500	-0.111
43.517	-9.198E-2
43.533	-9.220E-2
43.550	-7.227E-2
43.567	-5.241E-2
43.583	-3.090E-2
43.600	
43.617	1.497E-2
43.633	1.719E-2
43.650	3.941E-2
43.667	
43.683	7.335E-2
43.700	9.232E-2
43.717	0.110
43.733	0.110
43.750	0.126
43.767	0.143
43.783	0.156
43.800	0.169
43.817	0.180
43.833	0.180
43.850	0.190
43.867	0.198
43.883	0.204
43.900	0.210
43.917	0.212
43.933	0.212
43.950	0.214
43.967	0.214
43.983	0.211
44.000	0.208
44.017	0.201
44.033	0.201
44.050	0.194
44.067	0.186
44.083	0.175
44.100	0.163
44.117	0.150
44.133	0.150
44.150	0.135
44.167	0.119
44.183	0.103
44.200	8.608E-2
44.217	6.743E-2
44.233	6.724E-2
44.250	5.270E-2
44.267	3.276E-2
44.283	8.344E-3
44.300	-2.354E-2
44.317	-3.872E-2
44.333	-3.859E-2
44.350	-5.984E-2
44.367	-7.935E-2
44.383	-9.768E-2
44.400	-0.117
44.417	-0.132
44.433	-0.133
44.450	-0.150
44.467	-0.163
44.483	-0.177
44.500	-0.189
44.517	-0.198
44.533	-0.198
44.550	-0.208
44.567	-0.214
44.583	-0.220
44.600	-0.224
44.617	-0.227
44.633	-0.227
44.650	-0.228
44.667	-0.228
44.683	-0.227
44.700	-0.224
44.717	-0.219
44.733	-0.219
44.750	-0.213
44.767	-0.206
44.783	-0.196
44.800	-0.185
44.817	-0.174
44.833	-0.174
44.850	-0.160
44.867	-0.145
44.883	-0.129
44.900	-0.112
44.917	-9.428E-2
44.933	-9.415E-2
44.950	-7.455E-2
44.967	-5.596E-2
44.983	-3.534E-2
45.000	-2.311E-2
45.017	8.400E-3
45.033	1.514E-2
45.050	
45.067	5.317E-2
45.083	7.326E-2
45.100	9.508E-2
45.117	9.306E-2
45.133	9.355E-2
45.150	0.111
45.167	0.126
45.183	0.141
45.200	0.154
45.217	0.165
45.233	0.165
45.250	0.174
45.267	0.182
45.283	0.188
45.300	0.193
45.317	0.196
45.333	0.196
45.350	0.198
45.367	0.198
45.383	0.196
45.400	0.194
45.417	0.188
45.433	0.188
45.450	0.182
45.467	0.174
45.483	0.165
45.500	0.156
45.517	0.143
45.533	0.143
45.550	0.128
45.567	0.113
45.583	9.635E-2
45.600	7.811E-2
45.617	6.553E-2
45.633	6.534E-2
45.650	5.934E-2
45.667	3.497E-2
45.683	
45.700	1.293E-2
45.717	-2.070E-2
45.733	-2.070E-2
45.750	-5.570E-2
45.767	-6.041E-2
45.783	-8.546E-2
45.800	-0.111
45.817	-0.128
45.833	-0.128
45.850	-0.143
45.867	-0.157
45.883	-0.171
45.900	-0.182
45.917	-0.191
45.933	-0.192
45.950	-0.201
45.967	-0.207
45.983	-0.213
46.000	-0.218
46.017	-0.221
46.033	-0.221
46.050	-0.222
46.067	-0.222
46.083	-0.221
46.100	-0.218
46.117	-0.214
46.133	-0.214
46.150	-0.208
46.167	-0.201
46.183	-0.192
46.200	-0.181
46.217	-0.169
46.233	-0.169
46.250	-0.157
46.267	-0.142
46.283	-0.126
46.300	-0.110
46.317	-9.223E-2
46.333	-9.244E-2
46.350	-7.384E-2
46.367	-5.493E-2
46.383	-3.524E-2
46.400	-2.347E-2
46.417	
46.433	
46.450	2.186E-2
46.467	5.764E-2
46.483	6.491E-2
46.500	8.015E-2
46.517	9.798E-2
46.533	9.630E-2
46.550	0.108
46.567	0.138
46.583	
46.600	
46.617	0.182
46.633	0.182
46.650	0.203
46.667	0.187
46.683	0.206
46.700	0.214
46.717	0.220
46.733	0.201
46.750	0.214
46.767	0.211
46.783	0.211
46.800	0.200
46.817	0.195
46.833	0.211
46.850	0.189
46.867	
46.883	
46.900	
46.917	
46.933	
46.950	
46.967	
46.983	
47.000	
47.017	
47.033	
47.050	
47.067	
47.083	
47.100	
47.117	-2.660E-2
47.133	-2.654E-2
47.150	-4.660E-2
47.167	-6.508E-2
47.183	-8.316E-2
47.200	-0.102
47.217	-0.117
47.233	-0.117
47.250	-0.132
47.267	-0.146
47.283	-0.160
47.300	-0.172
47.317	-0.181
47.333	-0.181
47.350	-0.190
47.367	-0.198
47.383	-0.204
47.400	-0.209
47.417	-0.212
47.433	-0.212
47.450	-0.214
47.467	-0.214
47.483	-0.213
47.500	-0.210
47.517	-0.206
47.533	-0.206
47.550	-0.200
47.567	-0.193
47.583	-0.186
47.600	-0.176
47.617	-0.165
47.633	-0.165
47.650	-0.153
47.667	-0.139
47.683	-0.124
47.700	-0.108
47.717	-9.159E-2
47.733	-9.125E-2
47.750	-7.332E-2
47.767	-5.495E-2
47.783	-3.610E-2
47.800	-2.433E-2
47.817	1.063E-2
47.833	2.628E-2
47.850	4.394E-2
47.867	5.947E-2
47.883	6.546E-2
47.900	7.506E-2
47.917	9.109E-2
47.933	9.109E-2
47.950	0.103
47.967	0.131
47.983	
48.000	0.161
48.017	
48.033	
48.050	0.171
48.067	0.190
48.083	0.187
48.100	0.201
48.117	0.205
48.133	0.197
48.150	0.197
48.167	0.198
48.183	0.196
48.200	0.195
48.217	0.190
48.233	0.193
48.250	0.185
48.267	0.175
48.283	0.168
48.300	
48.317	
48.333	
48.350	0.134
48.367	0.121
48.383	9.943E-2
48.400	8.529E-2
48.417	6.923E-2
48.433	6.923E-2
48.450	
48.467	3.553E-2
48.483	1.299E-2
48.500	6.192E-3
48.517	-2.526E-2
48.533	-2.526E-2
48.550	-3.653E-2
48.567	-6.143E-2
48.583	-7.897E-2
48.600	-9.731E-2
48.617	-0.113
48.633	-0.113
48.650	-0.129
48.667	-0.136
48.683	-0.149
48.700	-0.166
48.717	-0.177
48.733	-0.177
48.750	-0.185
48.767	-0.193
48.783	-0.198
48.800	-0.204
48.817	-0.207
48.833	-0.207
48.850	-0.208
48.867	-0.209
48.883	-0.202
48.900	-0.196
48.917	-0.203
48.933	-0.203
48.950	-0.182
48.967	-0.191
48.983	-0.185
49.000	-0.169
49.017	-0.164
49.033	-0.164
49.050	-0.153
49.067	-0.139
49.083	-0.126
49.100	-0.111
49.117	-9.542E-2
49.133	-9.552E-2
49.150	-7.904E-2
49.167	-6.051E-2
49.183	-4.353E-2
49.200	-2.494E-2
49.217	8.419E-3
49.233	1.068E-2
49.250	2.634E-2
49.267	4.423E-2
49.283	
49.300	6.677E-2
49.317	8.379E-2
49.333	8.397E-2
49.350	9.933E-2
49.367	0.114
49.383	0.127
49.400	0.140
49.417	0.151
49.433	0.150
49.450	0.160
49.467	0.168
49.483	0.176
49.500	0.180
49.517	0.184
49.533	0.185
49.550	0.188
49.567	0.189
49.583	0.188
49.600	0.185
49.617	0.182
49.633	0.182
49.650	0.176
49.667	0.169
49.683	0.161
49.700	0.152
49.717	0.141
49.733	0.141
49.750	0.128
49.767	0.115
49.783	0.101
49.800	8.559E-2
49.817	6.996E-2
49.833	7.019E-2
49.850	
49.867	3.695E-2
49.883	
49.900	6.097E-3
49.917	-1.830E-2
49.933	-1.392E-2
49.950	-3.923E-2
49.967	-5.776E-2
49.983	-7.457E-2
50.000	-9.163E-2
50.017	-0.108
50.033	-0.108
50.050	-0.123
50.067	-0.137
50.083	-0.149
50.100	-0.160
50.117	-0.170
50.133	-0.170
50.150	-0.178
50.167	-0.185
50.183	-0.192
50.200	-0.197
50.217	-0.200
50.233	-0.200
50.250	-0.202
50.267	-0.203
50.283	-0.202
50.300	-0.200
50.317	-0.197
50.333	-0.197
50.350	-0.192
50.367	-0.186
50.383	-0.178
50.400	-0.169
50.417	-0.159
50.433	-0.160
50.450	-0.149
50.467	-0.135
50.483	-0.122
50.500	-0.106
50.517	-9.077E-2
50.533	-9.088E-2
50.550	-7.481E-2
50.567	-5.746E-2
50.583	-4.041E-2
50.600	-2.500E-2
50.617	1.722E-2
50.633	2.610E-2
50.650	3.497E-2
50.667	
50.683	5.270E-2
50.700	6.703E-2
50.717	8.270E-2
50.733	8.265E-2
50.750	9.718E-2
50.767	0.112
50.783	0.124
50.800	0.136
50.817	0.147
50.833	0.147
50.850	0.156
50.867	0.164
50.883	0.171
50.900	0.176
50.917	0.180
50.933	0.180
50.950	0.183
50.967	0.184
50.983	0.183
51.000	0.181
51.017	0.177
51.033	0.177
51.050	0.171
51.067	0.165
51.083	0.158
51.100	0.147
51.117	0.137
51.133	0.137
51.150	0.125
51.167	0.112
51.183	9.859E-2
51.200	8.344E-2
51.217	6.832E-2
51.233	6.850E-2
51.250	
51.267	3.941E-2
51.283	1.290E-2
51.300	-2.783E-3
51.317	-2.471E-2
51.333	-2.481E-2
51.350	-4.055E-2
51.367	-5.724E-2
51.383	-7.399E-2
51.400	-8.979E-2
51.417	-0.105
51.433	-0.106
51.450	-0.120
51.467	-0.133
51.483	-0.145
51.500	-0.157
51.517	-0.166
51.533	-0.166
51.550	-0.174
51.567	-0.182
51.583	-0.188
51.600	-0.193
51.617	-0.196
51.633	-0.196
51.650	-0.198
51.667	-0.199
51.683	-0.199
51.700	-0.197
51.717	-0.194
51.733	-0.194
51.750	-0.190
51.767	-0.184
51.783	-0.177
51.800	-0.168
51.817	-0.159
51.833	-0.159
51.850	-0.149
51.867	-0.136
51.883	-0.123
51.900	-0.109
51.917	-9.409E-2
51.933	-9.411E-2
51.950	-7.903E-2
51.967	-6.175E-2
51.983	-4.470E-2
52.000	-2.775E-2
52.017	
52.033	
52.050	1.719E-2
52.067	3.490E-2
52.083	5.259E-2
52.100	6.553E-2
52.117	8.039E-2
52.133	8.113E-2
52.150	9.538E-2
52.167	0.109
52.183	0.121
52.200	0.133
52.217	0.144
52.233	0.144
52.250	0.155
52.267	0.163
52.283	0.170
52.300	0.175
52.317	0.179
52.333	0.180
52.350	0.182
52.367	0.183
52.383	0.183
52.400	0.181
52.417	0.178
52.433	0.178
52.450	0.173
52.467	0.167
52.483	0.160
52.500	0.150
52.517	0.140
52.533	0.140
52.550	0.129
52.567	0.116
52.583	0.102
52.600	8.765E-2
52.617	7.221E-2
52.633	7.251E-2
52.650	
52.667	4.384E-2
52.683	1.944E-2
52.700	-5.398E-4
52.717	
52.733	
52.750	-2.953E-2
52.767	-4.761E-2
52.783	-6.401E-2
52.800	-7.981E-2
52.817	-9.495E-2
52.833	-9.484E-2
52.850	-0.109
52.867	-0.122
52.883	-0.134
52.900	-0.145
52.917	-0.156
52.933	-0.156
52.950	-0.164
52.967	-0.172
52.983	-0.178
53.000	-0.184
53.017	-0.187
53.033	-0.187
53.050	-0.189
53.067	-0.189
53.083	-0.189
53.100	-0.188
53.117	-0.185
53.133	-0.185
53.150	-0.181
53.167	-0.175
53.183	-0.167
53.200	-0.159
53.217	-0.149
53.233	-0.149
53.250	-0.139
53.267	-0.127
53.283	-0.114
53.300	-0.101
53.317	-8.499E-2
53.333	-8.473E-2
53.350	-6.963E-2
53.367	-5.333E-2
53.383	-3.669E-2
53.400	-2.461E-2
53.417	
53.433	
53.450	
53.467	2.176E-2
53.483	4.849E-2
53.500	6.552E-2
53.517	8.061E-2
53.533	8.097E-2
53.550	9.490E-2
53.567	0.109
53.583	0.123
53.600	0.135
53.617	0.146
53.633	0.145
53.650	0.155
53.667	0.164
53.683	0.170
53.700	0.175
53.717	0.179
53.733	0.179
53.750	0.181
53.767	0.183
53.783	0.183
53.800	0.182
53.817	0.178
53.833	0.178
53.850	0.174
53.867	0.168
53.883	0.160
53.900	0.152
53.917	0.142
53.933	0.142
53.950	0.130
53.967	0.118
53.983	0.105
54.000	9.012E-2
54.017	7.465E-2
54.033	7.455E-2
54.050	
54.067	4.384E-2
54.083	1.944E-2
54.100	-7.231E-3
54.117	
54.133	
54.150	-2.554E-2
54.167	-4.207E-2
54.183	-5.860E-2
54.200	-7.404E-2
54.217	-8.932E-2
54.233	-8.961E-2
54.250	-0.103
54.267	-0.117
54.283	-0.129
54.300	-0.140
54.317	-0.150
54.333	-0.150
54.350	-0.158
54.367	-0.165
54.383	-0.172
54.400	-0.177
54.417	-0.181
54.433	-0.181
54.450	-0.183
54.467	-0.184
54.483	-0.183
54.500	-0.182
54.517	-0.179
54.533	-0.179
54.550	-0.175
54.567	-0.170
54.583	-0.163
54.600	-0.155
54.617	-0.145
54.633	-0.145
54.650	-0.135
54.667	-0.123
54.683	-0.110
54.700	-9.716E-2
54.717	-8.215E-2
54.733	-8.257E-2
54.750	-6.826E-2
54.767	-5.290E-2
54.783	-3.665E-2
54.800	-2.481E-2
54.817	
54.833	
54.850	
54.867	2.388E-2
54.883	4.606E-2
54.900	6.377E-2
54.917	7.432E-2
54.933	7.421E-2
54.950	8.852E-2
54.967	0.102
54.983	0.114
55.000	0.124
55.017	0.136
55.033	0.136
55.050	0.145
55.067	0.154
55.083	0.160
55.100	0.165
55.117	0.168
55.133	0.168
55.150	0.171
55.167	0.173
55.183	0.173
55.200	0.171
55.217	0.168
55.233	0.168
55.250	0.163
55.267	0.158
55.283	0.151
55.300	0.143
55.317	0.133
55.333	0.133
55.350	0.123
55.367	0.111
55.383	9.697E-2
55.400	8.370E-2
55.417	6.862E-2
55.433	6.886E-2
55.450	
55.467	4.827E-2
55.483	1.722E-2
55.500	-5.423E-4
55.517	
55.533	
55.550	-2.707E-2
55.567	-4.249E-2
55.583	-5.838E-2
55.600	-7.246E-2
55.617	-8.807E-2
55.633	-8.795E-2
55.650	-0.101
55.667	-0.114
55.683	-0.126
55.700	-0.136
55.717	-0.146
55.733	-0.146
55.750	-0.154
55.767	-0.161
55.783	-0.167
55.800	-0.172
55.817	-0.175
55.833	-0.175
55.850	-0.177
55.867	-0.178
55.883	-0.178
55.900	-0.177
55.917	-0.174
55.933	-0.174
55.950	-0.170
55.967	-0.165
55.983	-0.159
56.000	-0.152
56.017	-0.142
56.033	-0.142
56.050	-0.132
56.067	-0.122
56.083	-0.110
56.100	-9.660E-2
56.117	-8.235E-2
56.133	-8.258E-2
56.150	-6.816E-2
56.167	-5.300E-2
56.183	-3.709E-2
56.200	-2.446E-2
56.217	
56.233	
56.250	1.738E-2
56.267	4.209E-2
56.283	6.001E-2
56.300	
56.317	7.081E-2
56.333	7.081E-2
56.350	8.499E-2
56.367	9.824E-2
56.383	0.111
56.400	0.121
56.417	0.131
56.433	0.131
56.450	0.140
56.467	0.148
56.483	0.154
56.500	0.160
56.517	0.163
56.533	0.163
56.550	0.165
56.567	0.167
56.583	0.166
56.600	0.165
56.617	0.161
56.633	0.161
56.650	0.157
56.667	0.150
56.683	0.143
56.700	0.134
56.717	0.125
56.733	0.125
56.750	0.116
56.767	0.105
56.783	9.291E-2
56.800	8.091E-2
56.817	6.734E-2
56.833	6.756E-2
56.850	
56.867	4.637E-2
56.883	1.514E-2
56.900	-5.423E-4
56.917	
56.933	
56.950	-2.642E-2
56.967	-4.235E-2
56.983	-5.812E-2
57.000	-7.239E-2
57.017	-8.678E-2
57.033	-8.634E-2
57.050	-9.930E-2
57.067	-0.112
57.083	-0.124
57.100	-0.134
57.117	-0.143
57.133	-0.143
57.150	-0.152
57.167	-0.159
57.183	-0.165
57.200	-0.170
57.217	-0.173
57.233	-0.173
57.250	-0.175
57.267	-0.176
57.283	-0.176
57.300	-0.175
57.317	-0.172
57.333	-0.172
57.350	-0.168
57.367	-0.163
57.383	-0.157
57.400	-0.150
57.417	-0.142
57.433	-0.142
57.450	-0.132
57.467	-0.122
57.483	-0.110
57.500	-9.762E-2
57.517	-8.426E-2
57.533	-8.422E-2
57.550	-7.000E-2
57.567	-5.644E-2
57.583	-4.064E-2
57.600	-2.619E-2
57.617	
57.633	
57.650	1.290E-2
57.667	3.081E-2
57.683	
57.700	6.001E-2
57.717	6.656E-2
57.733	6.696E-2
57.750	8.109E-2
57.767	9.336E-2
57.783	0.105
57.800	0.115
57.817	0.124
57.833	0.124
57.850	0.132
57.867	0.139
57.883	0.146
57.900	0.151
57.917	0.154
57.933	0.154
57.950	0.157
57.967	0.159
57.983	0.159
58.000	0.157
58.017	0.154
58.033	0.154
58.050	0.149
58.067	0.143
58.083	0.138
58.100	0.129
58.117	0.120
58.133	0.120
58.150	0.111
58.167	0.102
58.183	8.976E-2
58.200	7.762E-2
58.217	6.575E-2
58.233	6.565E-2
58.250	5.566E-2
58.267	3.545E-2
58.283	1.521E-2
58.300	-2.801E-3
58.317	
58.333	
58.350	-2.656E-2
58.367	-4.058E-2
58.383	-5.625E-2
58.400	-7.033E-2
58.417	-8.409E-2
58.433	-8.410E-2
58.450	-9.720E-2
58.467	-0.110
58.483	-0.121
58.500	-0.131
58.517	-0.141
58.533	-0.140
58.550	-0.149
58.567	-0.155
58.583	-0.161
58.600	-0.166
58.617	-0.169
58.633	-0.169
58.650	-0.172
58.667	-0.172
58.683	-0.173
58.700	-0.172
58.717	-0.168
58.733	-0.168
58.750	-0.165
58.767	-0.160
58.783	-0.153
58.800	-0.146
58.817	-0.138
58.833	-0.139
58.850	-0.129
58.867	-0.119
58.883	-0.107
58.900	-9.475E-2
58.917	-8.153E-2
58.933	-8.112E-2
58.950	-6.699E-2
58.967	-5.290E-2
58.983	-3.747E-2
59.000	-2.491E-2
59.017	
59.033	
59.050	1.750E-2
59.067	3.761E-2
59.083	5.329E-2
59.100	6.672E-2
59.117	6.562E-2
59.133	6.559E-2
59.150	7.914E-2
59.167	9.183E-2
59.183	0.104
59.200	0.115
59.217	0.123
59.233	0.123
59.250	0.131
59.267	0.139
59.283	0.146
59.300	0.152
59.317	0.155
59.333	0.155
59.350	0.158
59.367	0.160
59.383	0.160
59.400	0.158
59.417	0.155
59.433	0.155
59.450	0.152
59.467	0.146
59.483	0.140
59.500	0.133
59.517	0.125
59.533	0.125
59.550	0.115
59.567	0.104
59.583	9.197E-2
59.600	7.946E-2
59.617	6.684E-2
59.633	6.721E-2
59.650	5.492E-2
59.667	3.497E-2
59.683	1.730E-2
59.700	-5.423E-4
59.717	
59.733	
59.750	
59.767	-3.563E-2
59.783	-5.073E-2
59.800	-6.460E-2
59.817	-7.780E-2
59.833	-7.782E-2
59.850	-9.067E-2
59.867	-0.102
59.883	-0.113
59.900	-0.124
59.917	-0.133
59.933	-0.133
59.950	-0.141
59.967	-0.148
59.983	-0.154
60.000	-0.158
60.017	-0.162
60.033	-0.161
60.050	-0.163
60.067	-0.164
60.083	-0.164
60.100	-0.163
60.117	-0.160
60.133	-0.161
60.150	-0.157
60.167	-0.152
60.183	-0.146
60.200	-0.140
60.217	-0.131
60.233	-0.131
60.250	-0.121
60.267	-0.111
60.283	-9.994E-2
60.300	-8.812E-2
60.317	-7.542E-2
60.333	-7.566E-2
60.350	-6.176E-2
60.367	-4.900E-2
60.383	-3.429E-2
60.400	-2.438E-2
60.417	
60.433	
60.450	
60.467	2.410E-2
60.483	4.657E-2
60.500	6.001E-2
60.517	6.576E-2
60.533	6.563E-2
60.550	7.779E-2
60.567	9.009E-2
60.583	0.102
60.600	0.112
60.617	0.121
60.633	0.121
60.650	0.130
60.667	0.136
60.683	0.143
60.700	0.148
60.717	0.152
60.733	0.152
60.750	0.155
60.767	0.156
60.783	0.156
60.800	0.154
60.817	0.151
60.833	0.150
60.850	0.146
60.867	0.142
60.883	0.135
60.900	0.128
60.917	0.120
60.933	0.120
60.950	0.109
60.967	9.918E-2
60.983	8.691E-2
61.000	7.431E-2
61.017	6.401E-2
61.033	6.401E-2
61.050	5.329E-2
61.067	3.985E-2
61.083	1.971E-2
61.100	-2.795E-3
61.117	
61.133	
61.150	-2.479E-2
61.167	-3.750E-2
61.183	-5.155E-2
61.200	-6.520E-2
61.217	-7.791E-2
61.233	-7.761E-2
61.250	-9.036E-2
61.267	-0.101
61.283	-0.112
61.300	-0.122
61.317	-0.131
61.333	-0.131
61.350	-0.138
61.367	-0.145
61.383	-0.150
61.400	-0.155
61.417	-0.158
61.433	-0.158
61.450	-0.161
61.467	-0.161
61.483	-0.162
61.500	-0.160
61.517	-0.158
61.533	-0.157
61.550	-0.154
61.567	-0.149
61.583	-0.143
61.600	-0.137
61.617	-0.129
61.633	-0.129
61.650	-0.119
61.667	-0.110
61.683	-9.937E-2
61.700	-8.802E-2
61.717	-7.580E-2
61.733	-7.571E-2
61.750	-6.204E-2
61.767	-4.935E-2
61.783	-3.506E-2
61.800	-2.501E-2
61.817	
61.833	
61.850	1.953E-2
61.867	4.181E-2
61.883	5.282E-2
61.900	6.169E-2
61.917	6.416E-2
61.933	6.408E-2
61.950	7.603E-2
61.967	8.777E-2
61.983	9.888E-2
62.000	0.109
62.017	0.118
62.033	0.118
62.050	0.126
62.067	0.134
62.083	0.140
62.100	0.145
62.117	0.149
62.133	0.149
62.150	0.151
62.167	0.152
62.183	0.152
62.200	0.150
62.217	0.147
62.233	0.147
62.250	0.144
62.267	0.139
62.283	0.132
62.300	0.125
62.317	0.117
62.333	0.117
62.350	0.106
62.367	9.614E-2
62.383	8.442E-2
62.400	7.294E-2
62.417	6.332E-2
62.433	6.391E-2
62.450	5.504E-2
62.467	2.628E-2
62.483	3.929E-3
62.500	-2.783E-3
62.517	
62.533	
62.550	
62.567	-3.460E-2
62.583	-4.795E-2
62.600	-6.146E-2
62.617	-7.391E-2
62.633	-7.425E-2
62.650	-8.663E-2
62.667	-9.759E-2
62.683	-0.108
62.700	-0.117
62.717	-0.126
62.733	-0.126
62.750	-0.134
62.767	-0.140
62.783	-0.145
62.800	-0.149
62.817	-0.153
62.833	-0.153
62.850	-0.155
62.867	-0.156
62.883	-0.156
62.900	-0.155
62.917	-0.152
62.933	-0.152
62.950	-0.149
62.967	-0.144
62.983	-0.139
63.000	-0.132
63.017	-0.125
63.033	-0.124
63.050	-0.115
63.067	-0.106
63.083	-9.530E-2
63.100	-8.352E-2
63.117	-7.147E-2
63.133	-7.111E-2
63.150	-5.816E-2
63.167	-4.527E-2
63.183	-3.224E-2
63.200	
63.217	3.877E-3
63.233	
63.250	2.372E-2
63.267	3.924E-2
63.283	5.247E-2
63.300	6.554E-2
63.317	6.394E-2
63.333	6.395E-2
63.350	7.573E-2
63.367	8.675E-2
63.383	9.761E-2
63.400	0.107
63.417	0.116
63.433	0.116
63.450	0.123
63.467	0.130
63.483	0.135
63.500	0.140
63.517	0.143
63.533	0.143
63.550	0.145
63.567	0.147
63.583	0.147
63.600	0.145
63.617	0.142
63.633	0.142
63.650	0.138
63.667	0.134
63.683	0.127
63.700	0.120
63.717	0.111
63.733	0.111
63.750	0.102
63.767	9.214E-2
63.783	8.152E-2
63.800	6.932E-2
63.817	
63.833	
63.850	5.259E-2
63.867	4.153E-2
63.883	2.610E-2
63.900	
63.917	
63.933	
63.950	-2.484E-2
63.967	-3.733E-2
63.983	-5.029E-2
64.000	-6.264E-2
64.017	-7.413E-2
64.033	-7.411E-2
64.050	-8.592E-2
64.067	-9.707E-2
64.083	-0.107
64.100	-0.116
64.117	-0.124
64.133	-0.124
64.150	-0.131
64.167	-0.137
64.183	-0.142
64.200	-0.146
64.217	-0.150
64.233	-0.149
64.250	-0.151
64.267	-0.152
64.283	-0.152
64.300	-0.151
64.317	-0.149
64.333	-0.149
64.350	-0.145
64.367	-0.141
64.383	-0.136
64.400	-0.129
64.417	-0.121
64.433	-0.121
64.450	-0.112
64.467	-0.102
64.483	-9.194E-2
64.500	-8.000E-2
64.517	-6.891E-2
64.533	-6.890E-2
64.550	-5.648E-2
64.567	-4.366E-2
64.583	-3.133E-2
64.600	-2.483E-2
64.617	
64.633	
64.650	2.166E-2
64.667	3.941E-2
64.683	5.713E-2
64.700	7.040E-2
64.717	
64.733	
64.750	6.884E-2
64.767	7.926E-2
64.783	8.958E-2
64.800	9.890E-2
64.817	0.107
64.833	0.107
64.850	0.114
64.867	0.121
64.883	0.126
64.900	0.130
64.917	0.133
64.933	0.133
64.950	0.135
64.967	0.136
64.983	0.136
65.000	0.134
65.017	0.132
65.033	0.131
65.050	0.127
65.067	0.122
65.083	0.117
65.100	0.111
65.117	0.102
65.133	0.102
65.150	9.295E-2
65.167	8.376E-2
65.183	7.359E-2
65.200	6.526E-2
65.217	
65.233	
65.250	4.346E-2
65.267	2.593E-2
65.283	8.307E-3
65.300	
65.317	
65.333	
65.350	-2.564E-2
65.367	-3.866E-2
65.383	-5.092E-2
65.400	-6.383E-2
65.417	-7.544E-2
65.433	-7.553E-2
65.450	-8.619E-2
65.467	-9.681E-2
65.483	-0.106
65.500	-0.116
65.517	-0.123
65.533	-0.122
65.550	-0.129
65.567	-0.136
65.583	-0.140
65.600	-0.144
65.617	-0.147
65.633	-0.147
65.650	-0.149
65.667	-0.149
65.683	-0.149
65.700	-0.147
65.717	-0.145
65.733	-0.145
65.750	-0.142
65.767	-0.137
65.783	-0.132
65.800	-0.125
65.817	-0.118
65.833	-0.118
65.850	-0.110
65.867	-0.100
65.883	-9.016E-2
65.900	-7.919E-2
65.917	-6.793E-2
65.933	-6.832E-2
65.950	-5.617E-2
65.967	-4.420E-2
65.983	-3.145E-2
66.000	-2.448E-2
66.017	
66.033	
66.050	1.722E-2
66.067	4.181E-2
66.083	5.083E-2
66.100	6.419E-2
66.117	
66.133	
66.150	6.734E-2
66.167	7.741E-2
66.183	8.732E-2
66.200	9.635E-2
66.217	0.105
66.233	0.105
66.250	0.112
66.267	0.119
66.283	0.122
66.300	0.127
66.317	0.130
66.333	0.131
66.350	0.133
66.367	0.133
66.383	0.133
66.400	0.131
66.417	0.128
66.433	0.128
66.450	0.124
66.467	0.119
66.483	0.114
66.500	0.107
66.517	9.968E-2
66.533	9.990E-2
66.550	9.093E-2
66.567	8.095E-2
66.583	7.167E-2
66.600	6.492E-2
66.617	6.405E-2
66.633	5.071E-2
66.650	3.290E-2
66.667	1.730E-2
66.683	-5.375E-4
66.700	-9.440E-3
66.717	
66.733	
66.750	-2.490E-2
66.767	-3.673E-2
66.783	-4.944E-2
66.800	-6.111E-2
66.817	-7.287E-2
66.833	-7.249E-2
66.850	-8.253E-2
66.867	-9.317E-2
66.883	-0.102
66.900	-0.111
66.917	-0.118
66.933	-0.117
66.950	-0.124
66.967	-0.130
66.983	-0.135
67.000	-0.138
67.017	-0.140
67.033	-0.141
67.050	-0.142
67.067	-0.143
67.083	-0.142
67.100	-0.141
67.117	-0.138
67.133	-0.139
67.150	-0.136
67.167	-0.131
67.183	-0.126
67.200	-0.119
67.217	-0.112
67.233	-0.112
67.250	-0.104
67.267	-9.450E-2
67.283	-8.493E-2
67.300	-7.395E-2
67.317	-6.319E-2
67.333	-6.338E-2
67.350	-5.198E-2
67.367	-3.926E-2
67.383	-2.694E-2
67.400	
67.417	-4.902E-3
67.433	1.052E-2
67.450	1.715E-2
67.467	3.490E-2
67.483	4.375E-2
67.500	5.480E-2
67.517	
67.533	6.342E-2
67.550	7.212E-2
67.567	8.276E-2
67.583	9.217E-2
67.600	0.100
67.617	0.109
67.633	0.109
67.650	0.116
67.667	0.121
67.683	0.126
67.700	0.130
67.717	0.133
67.733	0.133
67.750	0.135
67.767	0.136
67.783	0.135
67.800	0.133
67.817	0.130
67.833	0.130
67.850	0.127
67.867	0.122
67.883	0.116
67.900	0.109
67.917	0.101
67.933	0.101
67.950	9.216E-2
67.967	8.250E-2
67.983	7.267E-2
68.000	6.411E-2
68.017	5.934E-2
68.033	5.726E-2
68.050	4.404E-2
68.067	2.622E-2
68.083	1.507E-2
68.100	-5.398E-4
68.117	
68.133	-7.198E-3
68.150	-2.464E-2
68.167	-3.576E-2
68.183	-4.757E-2
68.200	-5.899E-2
68.217	-6.996E-2
68.233	-7.037E-2
68.250	-8.079E-2
68.267	-9.127E-2
68.283	-9.979E-2
68.300	-0.108
68.317	-0.116
68.333	-0.116
68.350	-0.122
68.367	-0.128
68.383	-0.132
68.400	-0.136
68.417	-0.138
68.433	-0.138
68.450	-0.139
68.467	-0.140
68.483	-0.139
68.500	-0.138
68.517	-0.135
68.533	-0.135
68.550	-0.131
68.567	-0.126
68.583	-0.121
68.600	-0.114
68.617	-0.106
68.633	-0.107
68.650	-9.925E-2
68.667	-8.946E-2
68.683	-8.004E-2
68.700	-6.970E-2
68.717	-5.780E-2
68.733	-5.820E-2
68.750	-4.774E-2
68.767	-3.542E-2
68.783	-2.486E-2
68.800	
68.817	1.683E-3
68.833	1.056E-2
68.850	2.166E-2
68.867	2.832E-2
68.883	3.736E-2
68.900	5.294E-2
68.917	
68.933	
68.950	6.962E-2
68.967	7.967E-2
68.983	8.844E-2
69.000	9.700E-2
69.017	0.104
69.033	0.104
69.050	0.111
69.067	0.116
69.083	0.121
69.100	0.125
69.117	0.128
69.133	0.128
69.150	0.129
69.167	0.130
69.183	0.129
69.200	0.128
69.217	0.125
69.233	0.125
69.250	0.121
69.267	0.116
69.283	0.111
69.300	0.104
69.317	9.578E-2
69.333	9.541E-2
69.350	8.686E-2
69.367	7.756E-2
69.383	6.787E-2
69.400	
69.417	6.156E-2
69.433	5.071E-2
69.450	4.172E-2
69.467	2.394E-2
69.483	1.284E-2
69.500	-5.411E-4
69.517	
69.533	
69.550	-2.559E-2
69.567	-3.694E-2
69.583	-4.808E-2
69.600	-5.905E-2
69.617	-6.951E-2
69.633	-6.927E-2
69.650	-7.900E-2
69.667	-8.866E-2
69.683	-9.707E-2
69.700	-0.105
69.717	-0.112
69.733	-0.112
69.750	-0.118
69.767	-0.124
69.783	-0.128
69.800	-0.131
69.817	-0.133
69.833	-0.133
69.850	-0.134
69.867	-0.135
69.883	-0.134
69.900	-0.133
69.917	-0.130
69.933	-0.130
69.950	-0.126
69.967	-0.121
69.983	-0.116
70.000	-0.109
70.017	-0.102
70.033	-0.102
70.050	-9.449E-2
70.067	-8.540E-2
70.083	-7.636E-2
70.100	-6.649E-2
70.117	-5.563E-2
70.133	-5.532E-2
70.150	-4.468E-2
70.167	-3.242E-2
70.183	-2.353E-2
70.200	
70.217	2.181E-2
70.233	3.298E-2
70.250	4.190E-2
70.267	5.083E-2
70.283	5.751E-2
70.300	6.627E-2
70.317	
70.333	
70.350	6.937E-2
70.367	7.920E-2
70.383	8.832E-2
70.400	9.573E-2
70.417	0.103
70.433	0.104
70.450	0.110
70.467	0.115
70.483	0.119
70.500	0.123
70.517	0.125
70.533	0.125
70.550	0.126
70.567	0.127
70.583	0.126
70.600	0.124
70.617	0.122
70.633	0.121
70.650	0.118
70.667	0.113
70.683	0.107
70.700	0.101
70.717	9.320E-2
70.733	9.347E-2
70.750	8.533E-2
70.767	7.570E-2
70.783	6.682E-2
70.800	6.598E-2
70.817	4.827E-2
70.833	5.049E-2
70.850	3.061E-2
70.867	2.171E-2
70.883	1.504E-2
70.900	-2.770E-3
70.917	
70.933	
70.950	-2.482E-2
70.967	-3.592E-2
70.983	-4.693E-2
71.000	-5.714E-2
71.017	-6.762E-2
71.033	-6.752E-2
71.050	-7.665E-2
71.067	-8.565E-2
71.083	-9.460E-2
71.100	-0.102
71.117	-0.110
71.133	-0.109
71.150	-0.115
71.167	-0.120
71.183	-0.123
71.200	-0.126
71.217	-0.128
71.233	-0.128
71.250	-0.129
71.267	-0.130
71.283	-0.129
71.300	-0.128
71.317	-0.125
71.333	-0.125
71.350	-0.121
71.367	-0.116
71.383	-0.111
71.400	-0.104
71.417	-9.680E-2
71.433	-9.689E-2
71.450	-8.946E-2
71.467	-8.096E-2
71.483	-7.135E-2
71.500	-6.167E-2
71.517	-5.128E-2
71.533	-5.144E-2
71.550	-4.065E-2
71.567	-2.975E-2
71.583	
71.600	8.400E-3
71.617	3.513E-2
71.633	3.736E-2
71.650	4.849E-2
71.667	5.282E-2
71.683	6.169E-2
71.700	7.040E-2
71.717	
71.733	
71.750	6.932E-2
71.767	7.787E-2
71.783	8.655E-2
71.800	9.408E-2
71.817	0.100
71.833	0.100
71.850	0.106
71.867	0.111
71.883	0.116
71.900	0.119
71.917	0.122
71.933	0.121
71.950	0.123
71.967	0.123
71.983	0.122
72.000	0.120
72.017	0.116
72.033	0.116
72.050	0.112
72.067	0.108
72.083	0.102
72.100	9.557E-2
72.117	8.783E-2
72.133	8.802E-2
72.150	7.973E-2
72.167	7.103E-2
72.183	6.372E-2
72.200	6.197E-2
72.217	4.871E-2
72.233	5.317E-2
72.250	4.423E-2
72.267	3.529E-2
72.283	1.290E-2
72.300	-5.423E-4
72.317	
72.333	
72.350	-2.633E-2
72.367	-3.717E-2
72.383	-4.830E-2
72.400	-5.827E-2
72.417	-6.842E-2
72.433	-6.878E-2
72.450	-7.808E-2
72.467	-8.661E-2
72.483	-9.462E-2
72.500	-0.102
72.517	-0.109
72.533	-0.109
72.550	-0.114
72.567	-0.119
72.583	-0.123
72.600	-0.125
72.617	-0.128
72.633	-0.128
72.650	-0.129
72.667	-0.129
72.683	-0.128
72.700	-0.126
72.717	-0.123
72.733	-0.123
72.750	-0.119
72.767	-0.115
72.783	-0.109
72.800	-0.103
72.817	-9.505E-2
72.833	-9.510E-2
72.850	-8.748E-2
72.867	-7.922E-2
72.883	-6.996E-2
72.900	-6.072E-2
72.917	-5.031E-2
72.933	-4.998E-2
72.950	-3.904E-2
72.967	-2.836E-2
72.983	
73.000	
73.017	1.738E-2
73.033	2.634E-2
73.050	3.976E-2
73.067	5.317E-2
73.083	6.211E-2
73.100	6.880E-2
73.117	
73.133	
73.150	6.768E-2
73.167	7.601E-2
73.183	8.450E-2
73.200	9.214E-2
73.217	9.836E-2
73.233	9.859E-2
73.250	0.104
73.267	0.109
73.283	0.113
73.300	0.116
73.317	0.118
73.333	0.118
73.350	0.119
73.367	0.119
73.383	0.118
73.400	0.116
73.417	0.113
73.433	0.113
73.450	0.109
73.467	0.104
73.483	9.852E-2
73.500	9.216E-2
73.517	8.468E-2
73.533	8.479E-2
73.550	7.652E-2
73.567	6.769E-2
73.583	
73.600	6.211E-2
73.617	4.871E-2
73.633	3.305E-2
73.650	1.966E-2
73.667	6.192E-3
73.683	-9.524E-3
73.700	
73.717	
73.733	
73.750	-2.769E-2
73.767	-3.838E-2
73.783	-4.973E-2
73.800	-5.923E-2
73.817	-6.859E-2
73.833	-6.879E-2
73.850	-7.752E-2
73.867	-8.600E-2
73.883	-9.375E-2
73.900	-0.100
73.917	-0.106
73.933	-0.107
73.950	-0.112
73.967	-0.116
73.983	-0.120
74.000	-0.122
74.017	-0.124
74.033	-0.124
74.050	-0.125
74.067	-0.125
74.083	-0.123
74.100	-0.121
74.117	-0.118
74.133	-0.118
74.150	-0.114
74.167	-0.110
74.183	-0.103
74.200	-9.720E-2
74.217	-9.038E-2
74.233	-9.016E-2
74.250	-8.231E-2
74.267	-7.420E-2
74.283	-6.506E-2
74.300	-5.575E-2
74.317	-4.534E-2
74.333	-4.582E-2
74.350	-3.560E-2
74.367	-2.552E-2
74.383	
74.400	6.220E-3
74.417	2.645E-2
74.433	3.305E-2
74.450	3.752E-2
74.467	4.423E-2
74.483	5.317E-2
74.500	5.987E-2
74.517	
74.533	
74.550	6.746E-2
74.567	7.552E-2
74.583	8.319E-2
74.600	8.994E-2
74.617	9.634E-2
74.633	9.660E-2
74.650	0.102
74.667	0.107
74.683	0.111
74.700	0.113
74.717	0.114
74.733	0.114
74.750	0.115
74.767	0.114
74.783	0.113
74.800	0.110
74.817	0.107
74.833	0.107
74.850	0.104
74.867	9.887E-2
74.883	9.279E-2
74.900	8.640E-2
74.917	7.906E-2
74.933	7.919E-2
74.950	7.081E-2
74.967	6.431E-2
74.983	6.657E-2
75.000	5.317E-2
75.017	3.081E-2
75.033	2.634E-2
75.050	1.962E-2
75.067	1.066E-2
75.083	1.702E-3
75.100	
75.117	-2.497E-2
75.133	-2.497E-2
75.150	-3.470E-2
75.167	-4.457E-2
75.183	-5.502E-2
75.200	-6.340E-2
75.217	-7.211E-2
75.233	-7.205E-2
75.250	-8.081E-2
75.267	-8.810E-2
75.283	-9.473E-2
75.300	-0.101
75.317	-0.107
75.333	-0.107
75.350	-0.111
75.367	-0.115
75.383	-0.119
75.400	-0.121
75.417	-0.122
75.433	-0.122
75.450	-0.122
75.467	-0.122
75.483	-0.121
75.500	-0.118
75.517	-0.115
75.533	-0.115
75.550	-0.112
75.567	-0.107
75.583	-0.101
75.600	-9.481E-2
75.617	-8.825E-2
75.633	-8.796E-2
75.650	-7.965E-2
75.667	-7.166E-2
75.683	-6.341E-2
75.700	-5.458E-2
75.717	-4.446E-2
75.733	-4.430E-2
75.750	-3.338E-2
75.767	-2.462E-2
75.783	
75.800	2.410E-2
75.817	3.529E-2
75.833	3.298E-2
75.850	4.404E-2
75.867	4.849E-2
75.883	5.516E-2
75.900	6.612E-2
75.917	
75.933	
75.950	6.553E-2
75.967	7.263E-2
75.983	7.909E-2
76.000	8.572E-2
76.017	9.173E-2
76.033	9.148E-2
76.050	9.670E-2
76.067	0.101
76.083	0.104
76.100	0.106
76.117	0.107
76.133	0.107
76.150	0.107
76.167	0.107
76.183	0.105
76.200	0.103
76.217	0.100
76.233	0.100
76.250	9.550E-2
76.267	9.137E-2
76.283	8.525E-2
76.300	7.808E-2
76.317	7.069E-2
76.333	7.057E-2
76.350	6.483E-2
76.367	
76.383	5.688E-2
76.400	4.153E-2
76.417	3.054E-2
76.433	2.610E-2
76.450	1.726E-2
76.467	8.362E-3
76.483	-5.398E-4
76.500	
76.517	-2.511E-2
76.533	-2.510E-2
76.550	-3.485E-2
76.567	-4.426E-2
76.583	-9.482E-3
76.600	-6.338E-2
76.617	-7.222E-2
76.633	-7.213E-2
76.650	-8.014E-2
76.667	-8.815E-2
76.683	-9.440E-2
76.700	-0.101
76.717	-0.106
76.733	-0.106
76.750	-0.112
76.767	-0.115
76.783	-0.118
76.800	-0.120
76.817	-0.121
76.833	-0.122
76.850	-0.122
76.867	-0.122
76.883	-0.120
76.900	-0.118
76.917	-0.116
76.933	-0.115
76.950	-0.111
76.967	-0.106
76.983	-0.101
77.000	-9.460E-2
77.017	-8.764E-2
77.033	-8.767E-2
77.050	-8.016E-2
77.067	-7.223E-2
77.083	-6.373E-2
77.100	-5.466E-2
77.117	-4.567E-2
77.133	-4.574E-2
77.150	-3.513E-2
77.167	-2.583E-2
77.183	-2.361E-2
77.200	
77.217	3.335E-2
77.233	4.012E-2
77.250	4.903E-2
77.267	6.224E-2
77.283	7.326E-2
77.300	8.198E-2
77.317	
77.333	
77.350	
77.367	6.679E-2
77.383	7.407E-2
77.400	7.908E-2
77.417	8.461E-2
77.433	8.451E-2
77.450	8.962E-2
77.467	9.352E-2
77.483	9.641E-2
77.500	9.867E-2
77.517	9.976E-2
77.533	9.995E-2
77.550	0.100
77.567	9.956E-2
77.583	9.836E-2
77.600	9.595E-2
77.617	9.279E-2
77.633	9.297E-2
77.650	8.866E-2
77.667	8.308E-2
77.683	7.691E-2
77.700	7.052E-2
77.717	6.532E-2
77.733	6.539E-2
77.750	6.397E-2
77.767	6.627E-2
77.783	5.294E-2
77.800	3.744E-2
77.817	2.634E-2
77.833	1.514E-2
77.850	-5.423E-4
77.867	-5.423E-4
77.883	-9.503E-3
77.900	-2.442E-2
77.917	-2.995E-2
77.933	-2.994E-2
77.950	-4.076E-2
77.967	-4.957E-2
77.983	-5.797E-2
78.000	-6.734E-2
78.017	-7.549E-2
78.033	-7.551E-2
78.050	-8.374E-2
78.067	-9.024E-2
78.083	-9.742E-2
78.100	-0.103
78.117	-0.107
78.133	-0.108
78.150	-0.112
78.167	-0.115
78.183	-0.118
78.200	-0.120
78.217	-0.121
78.233	-0.121
78.250	-0.121
78.267	-0.121
78.283	-0.120
78.300	-0.118
78.317	-0.115
78.333	-0.115
78.350	-0.111
78.367	-0.106
78.383	-0.101
78.400	-9.395E-2
78.417	-8.819E-2
78.433	-8.770E-2
78.450	-8.021E-2
78.467	-7.197E-2
78.483	-6.391E-2
78.500	-5.439E-2
78.517	-4.621E-2
78.533	-4.589E-2
78.550	-3.543E-2
78.567	-2.607E-2
78.583	-2.335E-2
78.600	2.883E-2
78.617	3.553E-2
78.633	4.668E-2
78.650	5.341E-2
78.667	6.463E-2
78.683	7.151E-2
78.700	8.048E-2
78.717	
78.733	
78.750	
78.767	6.489E-2
78.783	6.983E-2
78.800	7.631E-2
78.817	8.107E-2
78.833	8.085E-2
78.850	8.542E-2
78.867	8.960E-2
78.883	9.195E-2
78.900	9.358E-2
78.917	9.407E-2
78.933	9.449E-2
78.950	9.472E-2
78.967	9.393E-2
78.983	9.249E-2
79.000	8.987E-2
79.017	8.627E-2
79.033	8.612E-2
79.050	8.173E-2
79.067	7.682E-2
79.083	7.126E-2
79.100	6.548E-2
79.117	6.549E-2
79.133	6.557E-2
79.150	
79.167	5.777E-2
79.183	4.433E-2
79.200	3.312E-2
79.217	1.971E-2
79.233	1.071E-2
79.250	1.071E-2
79.267	1.713E-3
79.283	
79.300	
79.317	-2.633E-2
79.333	-2.640E-2
79.350	-3.586E-2
79.367	-4.459E-2
79.383	-5.349E-2
79.400	-6.174E-2
79.417	-6.932E-2
79.433	-6.912E-2
79.450	-7.633E-2
79.467	-8.331E-2
79.483	-8.893E-2
79.500	-9.395E-2
79.517	-9.873E-2
79.533	-9.865E-2
79.550	-0.102
79.567	-0.106
79.583	-0.108
79.600	-0.109
79.617	-0.110
79.633	-0.109
79.650	-0.109
79.667	-0.108
79.683	-0.107
79.700	-0.105
79.717	-0.101
79.733	-0.101
79.750	-9.646E-2
79.767	-9.166E-2
79.783	-8.632E-2
79.800	-7.992E-2
79.817	-7.295E-2
79.833	-7.281E-2
79.850	-6.525E-2
79.867	-5.733E-2
79.883	-4.879E-2
79.900	-4.014E-2
79.917	-3.184E-2
79.933	-3.200E-2
79.950	-2.461E-2
79.967	
79.983	
80.000	1.068E-2
80.017	3.529E-2
80.033	5.317E-2
80.050	6.880E-2
80.067	6.434E-2
80.083	6.880E-2
80.100	8.216E-2
80.117	
80.133	
80.150	6.679E-2
80.167	7.370E-2
80.183	9.486E-2
80.200	8.542E-2
80.217	8.992E-2
80.233	9.009E-2
80.250	9.392E-2
80.267	9.688E-2
80.283	9.918E-2
80.300	0.101
80.317	0.101
80.333	0.101
80.350	0.101
80.367	9.945E-2
80.383	9.714E-2
80.400	9.443E-2
80.417	9.037E-2
80.433	9.023E-2
80.450	8.578E-2
80.467	8.104E-2
80.483	7.580E-2
80.500	6.917E-2
80.517	6.371E-2
80.533	6.382E-2
80.550	
80.567	
80.583	
80.600	
80.617	
80.633	
80.650	
80.667	
80.683	
80.700	
80.717	
80.733	
80.750	
80.767	
80.783	
80.800	-5.377E-2
80.817	-6.858E-2
80.833	-6.880E-2
80.850	-7.573E-2
80.867	-8.254E-2
80.883	-8.833E-2
80.900	-9.337E-2
80.917	-9.763E-2
80.933	-9.728E-2
80.950	-0.101
80.967	-0.104
80.983	-0.106
81.000	-0.107
81.017	-0.107
81.033	-0.107
81.050	-0.107
81.067	-0.106
81.083	-0.104
81.100	-0.101
81.117	-9.731E-2
81.133	-9.714E-2
81.150	-9.297E-2
81.167	-8.818E-2
81.183	-8.265E-2
81.200	-7.661E-2
81.217	-6.956E-2
81.233	-6.930E-2
81.250	-6.216E-2
81.267	-5.350E-2
81.283	-4.572E-2
81.300	-3.702E-2
81.317	-2.856E-2
81.333	-2.856E-2
81.350	-2.374E-2
81.367	
81.383	
81.400	
81.417	
81.433	
81.450	
81.467	
81.483	
81.500	
81.517	
81.533	
81.550	
81.567	8.180E-2
81.583	7.733E-2
81.600	8.279E-2
81.617	8.719E-2
81.633	8.671E-2
81.650	9.024E-2
81.667	9.304E-2
81.683	9.520E-2
81.700	9.646E-2
81.717	9.703E-2
81.733	9.696E-2
81.750	9.652E-2
81.767	9.529E-2
81.783	9.311E-2
81.800	9.018E-2
81.817	8.641E-2
81.833	8.634E-2
81.850	8.267E-2
81.867	7.744E-2
81.883	7.189E-2
81.900	6.591E-2
81.917	
81.933	
81.950	
81.967	
81.983	
82.000	
82.017	
82.033	
82.050	
82.067	
82.083	
82.100	
82.117	
82.133	
82.150	
82.167	-4.522E-2
82.183	-5.334E-2
82.200	-6.126E-2
82.217	-6.873E-2
82.233	-6.890E-2
82.250	-7.545E-2
82.267	-8.178E-2
82.283	-8.684E-2
82.300	-9.171E-2
82.317	-9.552E-2
82.333	-9.537E-2
82.350	-9.873E-2
82.367	-0.101
82.383	-0.103
82.400	-0.105
82.417	-0.105
82.433	-0.105
82.450	-0.105
82.467	-0.104
82.483	-0.102
82.500	-9.894E-2
82.517	-9.524E-2
82.533	-9.516E-2
82.550	-9.087E-2
82.567	-8.628E-2
82.583	-8.069E-2
82.600	-7.472E-2
82.617	-6.769E-2
82.633	-6.740E-2
82.650	-6.009E-2
82.667	-5.210E-2
82.683	-4.393E-2
82.700	-3.555E-2
82.717	-2.712E-2
82.733	-2.691E-2
82.750	
82.767	
82.783	
82.800	
82.817	
82.833	
82.850	
82.867	
82.883	
82.900	6.211E-2
82.917	
82.933	
82.950	6.532E-2
82.967	7.118E-2
82.983	7.634E-2
83.000	8.093E-2
83.017	8.516E-2
83.033	8.496E-2
83.050	8.823E-2
83.067	9.106E-2
83.083	9.313E-2
83.100	9.420E-2
83.117	9.403E-2
83.133	9.380E-2
83.150	9.294E-2
83.167	9.177E-2
83.183	8.949E-2
83.200	8.662E-2
83.217	8.290E-2
83.233	8.295E-2
83.250	7.827E-2
83.267	7.253E-2
83.283	6.711E-2
83.300	6.321E-2
83.317	6.419E-2
83.333	
83.350	
83.367	
83.383	
83.400	
83.417	
83.433	
83.450	
83.467	
83.483	
83.500	
83.517	
83.533	
83.550	
83.567	
83.583	-5.426E-2
83.600	-6.184E-2
83.617	-6.867E-2
83.633	-6.887E-2
83.650	-7.496E-2
83.667	-8.070E-2
83.683	-8.580E-2
83.700	-9.044E-2
83.717	-9.397E-2
83.733	-9.372E-2
83.750	-9.635E-2
83.767	-9.898E-2
83.783	-0.100
83.800	-0.101
83.817	-0.101
83.833	-0.101
83.850	-9.994E-2
83.867	-9.866E-2
83.883	-9.630E-2
83.900	-9.375E-2
83.917	-8.990E-2
83.933	-8.994E-2
83.950	-8.577E-2
83.967	-8.074E-2
83.983	-7.530E-2
84.000	-6.960E-2
84.017	-6.207E-2
84.033	-6.206E-2
84.050	-5.528E-2
84.067	-4.724E-2
84.083	-3.971E-2
84.100	-3.092E-2
84.117	-2.388E-2
84.133	-2.365E-2
84.150	
84.167	
84.183	
84.200	
84.217	
84.233	
84.250	
84.267	
84.283	
84.300	
84.317	
84.333	7.040E-2
84.350	6.864E-2
84.367	7.958E-2
84.383	7.622E-2
84.400	7.980E-2
84.417	8.358E-2
84.433	8.333E-2
84.450	8.603E-2
84.467	8.849E-2
84.483	8.982E-2
84.500	9.053E-2
84.517	9.033E-2
84.533	9.021E-2
84.550	8.934E-2
84.567	8.794E-2
84.583	8.564E-2
84.600	8.189E-2
84.617	7.757E-2
84.633	7.767E-2
84.650	7.323E-2
84.667	6.748E-2
84.683	6.366E-2
84.700	
84.717	5.294E-2
84.733	
84.750	
84.767	
84.783	
84.800	
84.817	
84.833	
84.850	
84.867	
84.883	
84.900	
84.917	
84.933	-2.724E-2
84.950	-4.094E-2
84.967	-4.931E-2
84.983	-5.646E-2
85.000	-6.347E-2
85.017	-7.022E-2
85.033	-7.045E-2
85.050	-7.608E-2
85.067	-8.140E-2
85.083	-8.614E-2
85.100	-8.999E-2
85.117	-9.362E-2
85.133	-9.348E-2
85.150	-9.583E-2
85.167	-9.733E-2
85.183	-9.836E-2
85.200	-9.896E-2
85.217	-9.876E-2
85.233	-9.873E-2
85.250	-9.771E-2
85.267	-9.549E-2
85.283	-9.285E-2
85.300	-9.009E-2
85.317	-8.622E-2
85.333	-8.633E-2
85.350	-8.209E-2
85.367	-7.758E-2
85.383	-7.214E-2
85.400	-6.571E-2
85.417	-5.872E-2
85.433	-5.856E-2
85.450	-5.166E-2
85.467	-4.404E-2
85.483	-3.585E-2
85.500	-2.793E-2
85.517	-2.478E-2
85.533	-2.492E-2
85.550	-2.334E-2
85.567	
85.583	
85.600	
85.617	
85.633	
85.650	
85.667	
85.683	
85.700	
85.717	
85.733	6.819E-2
85.750	
85.767	6.506E-2
85.783	6.925E-2
85.800	7.285E-2
85.817	7.615E-2
85.833	7.595E-2
85.850	7.858E-2
85.867	8.088E-2
85.883	8.178E-2
85.900	8.172E-2
85.917	8.099E-2
85.933	8.103E-2
85.950	8.031E-2
85.967	7.854E-2
85.983	7.605E-2
86.000	7.263E-2
86.017	6.827E-2
86.033	6.853E-2
86.050	6.571E-2
86.067	6.360E-2
86.083	
86.100	
86.117	
86.133	
86.150	
86.167	
86.183	
86.200	
86.217	
86.233	
86.250	
86.267	
86.283	
86.300	
86.317	
86.333	-2.507E-2
86.350	-4.475E-2
86.367	-5.163E-2
86.383	-5.837E-2
86.400	-6.486E-2
86.417	-7.120E-2
86.433	-7.085E-2
86.450	-7.595E-2
86.467	-8.079E-2
86.483	-8.504E-2
86.500	-8.845E-2
86.517	-9.125E-2
86.533	-9.144E-2
86.550	-9.380E-2
86.567	-9.523E-2
86.583	-9.588E-2
86.600	-9.671E-2
86.617	-9.622E-2
86.633	-9.648E-2
86.650	-9.549E-2
86.667	-9.351E-2
86.683	-9.066E-2
86.700	-8.696E-2
86.717	-8.284E-2
86.733	-8.286E-2
86.750	-7.807E-2
86.767	-7.300E-2
86.783	-6.697E-2
86.800	-6.074E-2
86.817	-5.389E-2
86.833	-5.357E-2
86.850	-4.640E-2
86.867	-3.894E-2
86.883	-3.128E-2
86.900	-2.479E-2
86.917	
86.933	
86.950	
86.967	
86.983	
87.000	
87.017	
87.033	
87.050	
87.067	
87.083	
87.100	6.434E-2
87.117	
87.133	
87.150	6.486E-2
87.167	6.966E-2
87.183	7.376E-2
87.200	7.743E-2
87.217	8.062E-2
87.233	8.091E-2
87.250	8.327E-2
87.267	8.472E-2
87.283	8.536E-2
87.300	8.547E-2
87.317	8.442E-2
87.333	8.458E-2
87.350	8.310E-2
87.367	8.088E-2
87.383	7.807E-2
87.400	7.453E-2
87.417	7.016E-2
87.433	7.041E-2
87.450	6.679E-2
87.467	6.344E-2
87.483	5.961E-2
87.500	5.094E-2
87.517	4.657E-2
87.533	3.985E-2
87.550	3.537E-2
87.567	2.196E-2
87.583	1.073E-2
87.600	1.710E-3
87.617	-5.459E-4
87.633	
87.650	
87.667	
87.683	-2.354E-2
87.700	-2.811E-2
87.717	-3.627E-2
87.733	-3.593E-2
87.750	-4.283E-2
87.767	-4.981E-2
87.783	-5.674E-2
87.800	-6.264E-2
87.817	-6.826E-2
87.833	-6.883E-2
87.850	-7.404E-2
87.867	-7.876E-2
87.883	-8.314E-2
87.900	-8.650E-2
87.917	-8.902E-2
87.933	-8.865E-2
87.950	-9.066E-2
87.967	-9.168E-2
87.983	-9.225E-2
88.000	-9.206E-2
88.017	-9.134E-2
88.033	-9.153E-2
88.050	-9.016E-2
88.067	-8.791E-2
88.083	-8.518E-2
88.100	-8.183E-2
88.117	-7.757E-2
88.133	-7.772E-2
88.150	-7.307E-2
88.167	-6.773E-2
88.183	-6.180E-2
88.200	-5.598E-2
88.217	-4.981E-2
88.233	-4.972E-2
88.250	-4.284E-2
88.267	-3.566E-2
88.283	-2.788E-2
88.300	-2.450E-2
88.317	
88.333	
88.350	
88.367	
88.383	
88.400	
88.417	
88.433	
88.450	
88.467	
88.483	6.183E-2
88.500	6.405E-2
88.517	
88.533	
88.550	6.518E-2
88.567	6.908E-2
88.583	7.299E-2
88.600	7.601E-2
88.617	7.789E-2
88.633	7.770E-2
88.650	7.939E-2
88.667	8.062E-2
88.683	8.124E-2
88.700	8.115E-2
88.717	8.045E-2
88.733	8.071E-2
88.750	7.900E-2
88.767	7.698E-2
88.783	7.395E-2
88.800	7.049E-2
88.817	6.700E-2
88.833	6.707E-2
88.850	6.388E-2
88.867	
88.883	6.583E-2
88.900	5.049E-2
88.917	4.172E-2
88.933	3.290E-2
88.950	3.290E-2
88.967	2.404E-2
88.983	1.734E-2
89.000	1.287E-2
89.017	8.400E-3
89.033	1.694E-3
89.050	
89.067	
89.083	-2.380E-2
89.100	-2.968E-2
89.117	-3.745E-2
89.133	-3.741E-2
89.150	-4.434E-2
89.167	-5.065E-2
89.183	-5.791E-2
89.200	-6.367E-2
89.217	-6.905E-2
89.233	-6.904E-2
89.250	-7.375E-2
89.267	-7.806E-2
89.283	-8.161E-2
89.300	-8.447E-2
89.317	-8.700E-2
89.333	-8.672E-2
89.350	-8.843E-2
89.367	-8.918E-2
89.383	-9.002E-2
89.400	-8.967E-2
89.417	-8.884E-2
89.433	-8.858E-2
89.450	-8.682E-2
89.467	-8.458E-2
89.483	-8.155E-2
89.500	-7.804E-2
89.517	-7.370E-2
89.533	-7.402E-2
89.550	-6.940E-2
89.567	-6.431E-2
89.583	-5.802E-2
89.600	-5.191E-2
89.617	-4.516E-2
89.633	-4.479E-2
89.650	-3.754E-2
89.667	-3.052E-2
89.683	-2.390E-2
89.700	
89.717	
89.733	
89.750	2.205E-2
89.767	3.335E-2
89.783	3.561E-2
89.800	4.012E-2
89.817	4.463E-2
89.833	4.678E-2
89.850	
89.867	5.566E-2
89.883	6.672E-2
89.900	7.771E-2
89.917	6.375E-2
89.933	6.384E-2
89.950	6.713E-2
89.967	7.127E-2
89.983	7.452E-2
90.000	7.731E-2
90.017	7.982E-2
90.033	7.967E-2
90.050	8.131E-2
90.067	8.193E-2
90.083	8.178E-2
90.100	8.119E-2
90.117	7.984E-2
90.133	7.968E-2
90.150	7.786E-2
90.167	7.546E-2
90.183	7.236E-2
90.200	6.878E-2
90.217	6.534E-2
90.233	6.549E-2
90.250	
90.267	
90.283	
90.300	
90.317	
90.333	
90.350	
90.367	
90.383	
90.400	
90.417	
90.433	
90.450	
90.467	
90.483	
90.500	
90.517	-2.730E-2
90.533	-3.757E-2
90.550	-4.431E-2
90.567	-5.049E-2
90.583	-5.653E-2
90.600	-6.201E-2
90.617	-6.683E-2
90.633	-6.714E-2
90.650	-7.173E-2
90.667	-7.595E-2
90.683	-7.955E-2
90.700	-8.215E-2
90.717	-8.369E-2
90.733	-8.344E-2
90.750	-8.464E-2
90.767	-8.558E-2
90.783	-8.531E-2
90.800	-8.465E-2
90.817	-8.339E-2
90.833	-8.331E-2
90.850	-8.145E-2
90.867	-7.909E-2
90.883	-7.599E-2
90.900	-7.263E-2
90.917	-6.824E-2
90.933	-6.876E-2
90.950	-6.405E-2
90.967	-5.860E-2
90.983	-5.263E-2
91.000	-4.721E-2
91.017	-4.119E-2
91.033	-4.107E-2
91.050	-3.395E-2
91.067	-2.710E-2
91.083	-2.456E-2
91.100	
91.117	
91.133	
91.150	
91.167	
91.183	
91.200	
91.217	
91.233	
91.250	
91.267	
91.283	5.764E-2
91.300	6.834E-2
91.317	
91.333	
91.350	6.537E-2
91.367	6.846E-2
91.383	7.211E-2
91.400	7.480E-2
91.417	7.639E-2
91.433	7.618E-2
91.450	7.735E-2
91.467	7.805E-2
91.483	7.786E-2
91.500	7.710E-2
91.517	7.612E-2
91.533	7.605E-2
91.550	7.376E-2
91.567	7.182E-2
91.583	6.867E-2
91.600	6.546E-2
91.617	6.331E-2
91.633	6.376E-2
91.650	
91.667	6.142E-2
91.683	5.270E-2
91.700	4.181E-2
91.717	3.298E-2
91.733	3.074E-2
91.750	2.628E-2
91.767	1.957E-2
91.783	1.290E-2
91.800	8.419E-3
91.817	6.179E-3
91.833	-5.423E-4
91.850	
91.867	-2.287E-2
91.883	-2.557E-2
91.900	-3.192E-2
91.917	-7.263E-3
91.933	-3.904E-2
91.950	-4.566E-2
91.967	-5.170E-2
91.983	-5.731E-2
92.000	-6.241E-2
92.017	-6.670E-2
92.033	-6.713E-2
92.050	-7.152E-2
92.067	-7.487E-2
92.083	-7.753E-2
92.100	-8.013E-2
92.117	-8.177E-2
92.133	-8.167E-2
92.150	-8.272E-2
92.167	-8.312E-2
92.183	-8.324E-2
92.200	-8.233E-2
92.217	-8.053E-2
92.233	-8.014E-2
92.250	-7.785E-2
92.267	-7.513E-2
92.283	-7.153E-2
92.300	-6.739E-2
92.317	-6.307E-2
92.333	-6.357E-2
92.350	-5.859E-2
92.367	-5.355E-2
92.383	-4.762E-2
92.400	-4.156E-2
92.417	-3.495E-2
92.433	-3.537E-2
92.450	-2.866E-2
92.467	-2.362E-2
92.483	
92.500	
92.517	-5.398E-4
92.533	6.137E-3
92.550	6.137E-3
92.567	
92.583	1.504E-2
92.600	2.166E-2
92.617	2.832E-2
92.633	3.497E-2
92.650	3.711E-2
92.667	4.806E-2
92.683	6.128E-2
92.700	7.465E-2
92.717	6.399E-2
92.733	6.401E-2
92.750	6.668E-2
92.767	7.048E-2
92.783	8.585E-2
92.800	7.512E-2
92.817	7.620E-2
92.833	7.617E-2
92.850	7.726E-2
92.867	7.775E-2
92.883	7.750E-2
92.900	7.678E-2
92.917	7.465E-2
92.933	7.459E-2
92.950	7.228E-2
92.967	6.969E-2
92.983	6.629E-2
93.000	6.358E-2
93.017	
93.033	
93.050	5.713E-2
93.067	4.384E-2
93.083	3.719E-2
93.100	3.276E-2
93.117	2.610E-2
93.133	1.726E-2
93.150	1.061E-2
93.167	8.381E-3
93.183	-5.411E-4
93.200	-7.263E-3
93.217	
93.233	-1.398E-2
93.250	
93.267	-2.304E-2
93.283	-2.854E-2
93.300	-3.508E-2
93.317	-1.846E-2
93.333	-4.126E-2
93.350	-4.756E-2
93.367	-5.315E-2
93.383	-5.850E-2
93.400	-6.349E-2
93.417	-6.776E-2
93.433	-6.761E-2
93.450	-7.139E-2
93.467	-7.434E-2
93.483	-7.693E-2
93.500	-7.838E-2
93.517	-7.947E-2
93.533	-7.960E-2
93.550	-8.035E-2
93.567	-8.016E-2
93.583	-7.956E-2
93.600	-7.846E-2
93.617	-7.662E-2
93.633	-7.639E-2
93.650	-7.370E-2
93.667	-7.126E-2
93.683	-6.770E-2
93.700	-6.350E-2
93.717	-5.924E-2
93.733	-5.887E-2
93.750	-5.357E-2
93.767	-4.827E-2
93.783	-4.248E-2
93.800	-3.651E-2
93.817	-3.072E-2
93.833	-3.047E-2
93.850	-2.407E-2
93.867	-2.318E-2
93.883	
93.900	
93.917	1.528E-2
93.933	2.645E-2
93.950	3.095E-2
93.967	3.320E-2
93.983	3.769E-2
94.000	4.433E-2
94.017	4.881E-2
94.033	5.317E-2
94.050	5.987E-2
94.067	6.434E-2
94.083	7.103E-2
94.100	7.976E-2
94.117	
94.133	
94.150	6.565E-2
94.167	6.793E-2
94.183	7.010E-2
94.200	7.213E-2
94.217	7.346E-2
94.233	7.381E-2
94.250	7.440E-2
94.267	7.442E-2
94.283	7.367E-2
94.300	7.256E-2
94.317	7.071E-2
94.333	7.064E-2
94.350	6.799E-2
94.367	6.521E-2
94.383	6.382E-2
94.400	
94.417	6.657E-2
94.433	6.197E-2
94.450	5.528E-2
94.467	4.637E-2
94.483	3.976E-2
94.500	3.529E-2
94.517	2.857E-2
94.533	1.962E-2
94.550	1.738E-2
94.567	6.192E-3
94.583	-2.789E-3
94.600	
94.617	
94.633	
94.650	-2.309E-2
94.667	-7.279E-3
94.683	-3.087E-2
94.700	-3.694E-2
94.717	-4.282E-2
94.733	-4.274E-2
94.750	-4.830E-2
94.767	-5.311E-2
94.783	-5.838E-2
94.800	-6.276E-2
94.817	-6.606E-2
94.833	-6.576E-2
94.850	-6.913E-2
94.867	-7.160E-2
94.883	-7.432E-2
94.900	-7.601E-2
94.917	-7.682E-2
94.933	-7.740E-2
94.950	-7.800E-2
94.967	-7.788E-2
94.983	-7.697E-2
95.000	-7.610E-2
95.017	-7.441E-2
95.033	-7.437E-2
95.050	-7.182E-2
95.067	-6.909E-2
95.083	-6.569E-2
95.100	-6.125E-2
95.117	-5.711E-2
95.133	-5.696E-2
95.150	-5.179E-2
95.167	-4.647E-2
95.183	-4.081E-2
95.200	-3.417E-2
95.217	-2.807E-2
95.233	-2.838E-2
95.250	-2.374E-2
95.267	-2.352E-2
95.283	-2.266E-2
95.300	
95.317	1.988E-2
95.333	2.437E-2
95.350	2.657E-2
95.367	3.109E-2
95.383	4.238E-2
95.400	5.117E-2
95.417	6.014E-2
95.433	6.014E-2
95.450	6.014E-2
95.467	6.687E-2
95.483	7.135E-2
95.500	7.358E-2
95.517	
95.533	
95.550	
95.567	6.683E-2
95.583	6.893E-2
95.600	8.030E-2
95.617	7.157E-2
95.633	7.122E-2
95.650	7.108E-2
95.667	7.090E-2
95.683	7.022E-2
95.700	6.880E-2
95.717	6.711E-2
95.733	6.727E-2
95.750	6.522E-2
95.767	6.387E-2
95.783	
95.800	
95.817	
95.833	
95.850	
95.867	
95.883	
95.900	
95.917	
95.933	
95.950	
95.967	
95.983	
96.000	
96.017	
96.033	
96.050	
96.067	-2.284E-2
96.083	-3.145E-2
96.100	-3.809E-2
96.117	-4.315E-2
96.133	-4.296E-2
96.150	-4.822E-2
96.167	-5.307E-2
96.183	-5.765E-2
96.200	-6.150E-2
96.217	-6.544E-2
96.233	-6.565E-2
96.250	-6.882E-2
96.267	-7.143E-2
96.283	-7.314E-2
96.300	-7.434E-2
96.317	-7.523E-2
96.333	-7.493E-2
96.350	-7.474E-2
96.367	-7.429E-2
96.383	-7.341E-2
96.400	-7.147E-2
96.417	-6.913E-2
96.433	-6.925E-2
96.450	-6.640E-2
96.467	-6.263E-2
96.483	-5.892E-2
96.500	-5.443E-2
96.517	-5.028E-2
96.533	-5.006E-2
96.550	-4.482E-2
96.567	-3.929E-2
96.583	-3.371E-2
96.600	-2.760E-2
96.617	-2.332E-2
96.633	-2.337E-2
96.650	-2.309E-2
96.667	-2.245E-2
96.683	-2.169E-2
96.700	
96.717	
96.733	
96.750	
96.767	
96.783	
96.800	
96.817	
96.833	
96.850	
96.867	
96.883	
96.900	6.434E-2
96.917	
96.933	
96.950	
96.967	
96.983	
97.000	
97.017	
97.033	
97.050	
97.067	
97.083	
97.100	
97.117	
97.133	
97.150	
97.167	
97.183	
97.200	
97.217	
97.233	
97.250	
97.267	
97.283	
97.300	
97.317	
97.333	
97.350	
97.367	
97.383	
97.400	
97.417	
97.433	
97.450	
97.467	
97.483	-2.512E-2
97.500	-4.899E-2
97.517	-5.434E-2
97.533	-5.442E-2
97.550	-5.998E-2
97.567	-6.414E-2
97.583	-6.810E-2
97.600	-7.161E-2
97.617	-7.572E-2
97.633	-7.545E-2
97.650	-7.791E-2
97.667	-7.933E-2
97.683	-8.036E-2
97.700	-8.129E-2
97.717	-8.130E-2
97.733	-8.094E-2
97.750	-8.077E-2
97.767	-7.996E-2
97.783	-7.898E-2
97.800	-7.714E-2
97.817	-7.500E-2
97.833	-7.511E-2
97.850	-7.261E-2
97.867	-6.903E-2
97.883	-6.535E-2
97.900	-6.086E-2
97.917	-5.674E-2
97.933	-5.645E-2
97.950	-5.062E-2
97.967	-4.565E-2
97.983	-4.066E-2
98.000	-3.467E-2
98.017	-2.831E-2
98.033	-2.830E-2
98.050	-2.462E-2
98.067	-2.319E-2
98.083	
98.100	
98.117	
98.133	
98.150	
98.167	
98.183	
98.200	
98.217	
98.233	
98.250	
98.267	
98.283	6.834E-2
98.300	6.819E-2
98.317	
98.333	
98.350	
98.367	
98.383	
98.400	
98.417	
98.433	
98.450	6.575E-2
98.467	6.503E-2
98.483	6.433E-2
98.500	6.332E-2
98.517	6.254E-2
98.533	6.235E-2
98.550	
98.567	
98.583	
98.600	
98.617	
98.633	
98.650	
98.667	
98.683	
98.700	
98.717	
98.733	
98.750	
98.767	
98.783	
98.800	
98.817	
98.833	
98.850	
98.867	
98.883	
98.900	-4.094E-2
98.917	
98.933	
98.950	
98.967	
98.983	
99.000	
99.017	
99.033	
99.050	
99.067	
99.083	
99.100	
99.117	
99.133	
99.150	
99.167	
99.183	
99.200	
99.217	
99.233	
99.250	
99.267	
99.283	
99.300	
99.317	-4.336E-2
99.333	-4.304E-2
99.350	-3.777E-2
99.367	-3.225E-2
99.383	-2.673E-2
99.400	-2.315E-2
99.417	-2.322E-2
99.433	-2.326E-2
99.450	-2.244E-2
99.467	-2.216E-2
99.483	
99.500	
99.517	
99.533	
99.550	
99.567	
99.583	
99.600	
99.617	
99.633	
99.650	5.317E-2
99.667	6.197E-2
99.683	6.864E-2
99.700	6.864E-2
99.717	
99.733	
99.750	
99.767	
99.783	
99.800	
99.817	
99.833	
99.850	
99.867	
99.883	
99.900	
99.917	
99.933	
99.950	
99.967	
99.983	
100.000	
100.017	
100.033	
100.050	
100.067	
100.083	
100.100	
100.117	
100.133	
100.150	
100.167	
100.183	
100.200	
100.217	
100.233	
100.250	
100.267	-2.529E-2
100.283	-4.817E-2
100.300	-5.253E-2
100.317	-5.697E-2
100.333	-5.656E-2
100.350	-6.018E-2
100.367	-6.366E-2
100.383	-6.652E-2
100.400	-7.052E-2
100.417	-7.252E-2
100.433	-7.223E-2
100.450	-7.382E-2
100.467	-7.486E-2
100.483	-7.601E-2
100.500	-7.609E-2
100.517	-7.573E-2
100.533	-7.559E-2
100.550	-7.453E-2
100.567	-7.376E-2
100.583	-7.217E-2
100.600	-6.984E-2
100.617	-6.744E-2
100.633	-6.707E-2
100.650	-6.312E-2
100.667	-5.964E-2
100.683	-5.598E-2
100.700	-5.189E-2
100.717	-4.690E-2
100.733	-4.727E-2
100.750	-4.261E-2
100.767	-3.721E-2
100.783	-3.212E-2
100.800	-2.647E-2
100.817	-2.470E-2
100.833	-2.480E-2
100.850	-2.339E-2
100.867	
100.883	
100.900	
100.917	
100.933	
100.950	
100.967	
100.983	
101.000	
101.017	
101.033	5.516E-2
101.050	5.987E-2
101.067	6.657E-2
101.083	7.103E-2
101.100	7.103E-2
101.117	7.548E-2
101.133	7.515E-2
101.150	
101.167	
101.183	
101.200	
101.217	
101.233	
101.250	
101.267	
101.283	6.895E-2
101.300	6.224E-2
101.317	5.777E-2
101.333	6.001E-2
101.350	5.777E-2
101.367	5.777E-2
101.383	
101.400	
101.417	
101.433	
101.450	
101.467	
101.483	
101.500	
101.517	
101.533	
101.550	
101.567	
101.583	
101.600	
101.617	-9.546E-3
101.633	-3.645E-2
101.650	-4.137E-2
101.667	-4.691E-2
101.683	-5.149E-2
101.700	-5.532E-2
101.717	-5.949E-2
101.733	-5.952E-2
101.750	-6.315E-2
101.767	-6.652E-2
101.783	-6.904E-2
101.800	-7.091E-2
101.817	-7.330E-2
101.833	-7.341E-2
101.850	-7.474E-2
101.867	-7.595E-2
101.883	-7.615E-2
101.900	-7.577E-2
101.917	-7.515E-2
101.933	-7.524E-2
101.950	-7.439E-2
101.967	-7.231E-2
101.983	-7.047E-2
102.000	-6.784E-2
102.017	-6.522E-2
102.033	-6.506E-2
102.050	-6.186E-2
102.067	-5.813E-2
102.083	-5.432E-2
102.100	-4.889E-2
102.117	-4.467E-2
102.133	-4.434E-2
102.150	-3.948E-2
102.167	-3.376E-2
102.183	-2.855E-2
102.200	-2.487E-2
102.217	-2.338E-2
102.233	-2.316E-2
102.250	-2.208E-2
102.267	
102.283	
102.300	
102.317	
102.333	
102.350	
102.367	
102.383	
102.400	
102.417	
102.433	
102.450	5.528E-2
102.467	6.434E-2
102.483	6.612E-2
102.500	7.071E-2
102.517	7.071E-2
102.533	6.849E-2
102.550	6.849E-2
102.567	
102.583	
102.600	
102.617	
102.633	
102.650	6.849E-2
102.667	6.183E-2
102.683	6.183E-2
102.700	5.738E-2
102.717	5.294E-2
102.733	4.871E-2
102.750	4.871E-2
102.767	4.423E-2
102.783	3.529E-2
102.800	2.639E-2
102.817	1.966E-2
102.833	1.071E-2
102.900	-2.795E-3
103.900	-2.995E-3
