0.033000 0.525000
1.417000 0.520000
2.867000 0.508000
4.300000 0.493000
5.750000 0.480000
7.183000 0.470000
8.617000 0.461000
10.050000 0.449000
11.467000 0.436000
12.900000 0.429000
14.317000 0.416000
15.717000 0.411000
17.167000 0.402000
18.583000 0.394000
19.983000 0.383000
21.400000 0.367000
22.833000 0.363000
24.217000 0.355000
25.650000 0.342000
27.067000 0.326000
28.467000 0.322000
29.883000 0.313000
31.283000 0.303000
32.683000 0.289000
34.100000 0.283000
35.500000 0.274000
36.917000 0.266000
38.317000 0.256000
39.717000 0.251000
41.117000 0.247000
42.550000 0.229000
43.950000 0.214000
45.350000 0.198000
46.717000 0.220000
48.117000 0.205000
49.567000 0.189000
50.967000 0.184000
52.367000 0.183000
53.767000 0.183000
55.167000 0.173000
56.567000 0.167000
57.967000 0.159000
59.367000 0.160000
60.767000 0.156000
62.167000 0.152000
63.567000 0.147000
64.967000 0.136000
66.350000 0.133000
67.767000 0.136000
69.167000 0.130000
70.567000 0.127000
71.950000 0.123000
73.350000 0.119000
74.750000 0.115000
76.117000 0.107000
77.550000 0.100000
78.950000 0.094720
80.300000 0.101000
81.717000 0.097030
83.100000 0.094200
84.500000 0.090530
85.883000 0.081780
87.300000 0.085470
88.683000 0.081240
90.067000 0.081930
91.467000 0.078050
92.783000 0.085850
94.100000 0.079760
95.600000 0.080300
96.900000 0.064340
98.283000 0.068340
99.683000 0.068640
101.117000 0.075480
