0.000000 0.538000
0.960000 0.491000
2.000000 0.500000
3.040000 0.449000
4.080000 0.431000
5.080000 0.415000
6.120000 0.398000
7.160000 0.376000
8.200000 0.356000
9.200000 0.338000
10.240000 0.320000
11.280000 0.302000
12.280000 0.283000
13.320000 0.263000
14.320000 0.243000
15.360000 0.226000
16.360000 0.207000
17.400000 0.191000
18.400000 0.173000
19.440000 0.159000
20.440000 0.144000
21.480000 0.128000
22.480000 0.115000
23.480000 0.101000
24.520000 0.089500
25.520000 0.079210
26.520000 0.068600
27.520000 0.058020
28.560000 0.050210
29.560000 0.040880
30.560000 0.034590
31.520000 0.028310
32.520000 0.024440
33.520000 0.017770
34.240000 0.007103
34.480000 0.013790
35.200000 0.005073
35.480000 0.009799
36.240000 0.012730
36.440000 0.006570
37.160000 0.008924
37.400000 0.002571
37.840000 0.000275
38.280000 0.019200
