	质量 A	
t	θr	
0.033	30.05
0.050	29.79
0.067	29.43
0.083	28.90
0.100	28.26
0.117	27.32
0.133	27.31
0.150	26.24
0.167	24.92
0.183	23.22
0.200	21.52
0.217	18.98
0.233	18.98
0.250	16.45
0.267	13.48
0.283	10.40
0.300	6.214
0.317	2.919
0.333	2.518
0.350	-1.834
0.367	-5.113
0.383	-9.869
0.400	-13.22
0.417	-16.34
0.433	-16.33
0.450	-19.05
0.467	-21.20
0.483	-23.11
0.500	-24.59
0.517	-25.85
0.533	-25.83
0.550	-26.87
0.567	-27.64
0.583	-28.26
0.600	-28.76
0.617	-29.12
0.633	-29.13
0.650	-29.38
0.667	-29.54
0.683	-29.65
0.700	-29.69
0.717	-29.64
0.733	-29.63
0.750	-29.51
0.767	-29.31
0.783	-29.01
0.800	-28.61
0.817	-28.09
0.833	-28.09
0.850	-27.42
0.867	-26.63
0.883	-25.56
0.900	-24.34
0.917	-22.73
0.933	-22.75
0.950	-20.79
0.967	-18.48
0.983	-15.43
1.000	-12.18
1.017	-8.430
1.033	-8.384
1.050	-4.413
1.067	
1.083	3.771
1.100	6.779
1.117	10.52
1.133	10.51
1.150	14.22
1.167	16.87
1.183	19.78
1.200	22.04
1.217	23.92
1.233	23.91
1.250	25.56
1.267	26.78
1.283	27.79
1.300	28.51
1.317	28.97
1.333	28.95
1.350	29.28
1.367	29.54
1.383	29.69
1.400	29.76
1.417	29.78
1.433	29.78
1.450	29.75
1.467	29.60
1.483	29.45
1.500	29.17
1.517	28.82
1.533	28.81
1.550	28.32
1.567	27.67
1.583	26.68
1.600	25.52
1.617	24.04
1.633	24.03
1.650	22.39
1.667	20.26
1.683	17.63
1.700	14.88
1.717	11.23
1.733	11.20
1.750	7.818
1.767	4.625
1.783	9.621E-2
1.800	-2.997
1.817	-6.883
1.833	-6.895
1.850	-10.49
1.867	-13.70
1.883	-16.71
1.900	-19.29
1.917	-21.44
1.933	-21.45
1.950	-23.27
1.967	-24.66
1.983	-25.91
2.000	-26.86
2.017	-27.59
2.033	-27.59
2.050	-28.19
2.067	-28.61
2.083	-28.94
2.100	-29.16
2.117	-29.32
2.133	-29.33
2.150	-29.43
2.167	-29.43
2.183	-29.35
2.200	-29.18
2.217	-28.93
2.233	-28.93
2.250	-28.54
2.267	-28.09
2.283	-27.42
2.300	-26.62
2.317	-25.59
2.333	-25.59
2.350	-24.27
2.367	-22.77
2.383	-20.84
2.400	-18.71
2.417	-16.05
2.433	-16.04
2.450	-13.10
2.467	-9.958
2.483	-6.228
2.500	-2.526
2.517	1.374
2.533	1.519
2.550	5.208
2.567	
2.583	
2.600	15.16
2.617	18.03
2.633	17.91
2.650	20.24
2.667	22.24
2.683	23.87
2.700	25.19
2.717	26.21
2.733	26.20
2.750	27.07
2.767	27.72
2.783	28.28
2.800	28.67
2.817	28.91
2.833	28.92
2.850	29.05
2.867	29.08
2.883	29.03
2.900	28.92
2.917	28.73
2.933	28.73
2.950	28.45
2.967	28.08
2.983	27.50
3.000	26.90
3.017	26.04
3.033	26.05
3.050	25.03
3.067	23.78
3.083	22.18
3.100	20.19
3.117	17.76
3.133	17.76
3.150	15.17
3.167	12.02
3.183	8.102
3.200	5.366
3.217	
3.233	
3.250	-1.698
3.267	-5.325
3.283	-8.969
3.300	-12.10
3.317	-15.16
3.333	-15.13
3.350	-17.74
3.367	-19.95
3.383	-21.97
3.400	-23.52
3.417	-24.84
3.433	-24.87
3.450	-25.96
3.467	-26.80
3.483	-27.47
3.500	-28.00
3.517	-28.36
3.533	-28.35
3.550	-28.63
3.567	-28.83
3.583	-28.93
3.600	-28.93
3.617	-28.85
3.633	-28.83
3.650	-28.64
3.667	-28.36
3.683	-28.02
3.700	-27.49
3.717	-26.85
3.733	-26.84
3.750	-26.01
3.767	-25.03
3.783	-23.71
3.800	-22.24
3.817	-20.44
3.833	-20.44
3.850	-18.25
3.867	-15.86
3.883	-12.96
3.900	-9.929
3.917	-6.541
3.933	-6.520
3.950	-2.951
3.967	0.478
3.983	4.306
4.000	7.170
4.017	
4.033	
4.050	14.06
4.067	16.58
4.083	18.91
4.100	21.07
4.117	22.61
4.133	22.61
4.150	23.53
4.167	24.87
4.183	26.08
4.200	26.78
4.217	27.33
4.233	27.33
4.250	27.30
4.267	28.05
4.283	28.15
4.300	28.23
4.317	28.25
4.333	28.25
4.350	28.18
4.367	27.28
4.383	27.04
4.400	27.39
4.417	26.83
4.433	26.83
4.450	26.14
4.467	24.66
4.483	24.14
4.500	22.99
4.517	21.42
4.533	21.42
4.550	19.36
4.567	16.53
4.583	14.57
4.600	11.74
4.617	8.099
4.633	7.679
4.650	5.280
4.667	1.742
4.683	-1.643
4.700	-4.954
4.717	-8.284
4.733	-8.315
4.750	-11.46
4.767	-14.24
4.783	-16.82
4.800	-19.08
4.817	-20.99
4.833	-20.98
4.850	-22.62
4.867	-23.93
4.883	-25.06
4.900	-25.95
4.917	-26.67
4.933	-26.68
4.950	-27.24
4.967	-27.66
4.983	-27.99
5.000	-28.17
5.017	-28.25
5.033	-28.23
5.050	-28.22
5.067	-28.13
5.083	-27.97
5.100	-27.69
5.117	-27.30
5.133	-27.31
5.150	-26.79
5.167	-26.13
5.183	-25.24
5.200	-24.23
5.217	-22.92
5.233	-22.94
5.250	-21.37
5.267	-19.63
5.283	-17.41
5.300	-15.02
5.317	-12.27
5.333	-12.27
5.350	-9.195
5.367	-6.081
5.383	-2.632
5.400	0.848
5.417	4.132
5.433	4.127
5.450	7.035
5.467	
5.483	13.45
5.500	15.91
5.517	18.14
5.533	18.13
5.550	20.14
5.567	21.80
5.583	23.12
5.600	24.25
5.617	25.17
5.633	25.15
5.650	25.94
5.667	26.48
5.683	26.96
5.700	27.23
5.717	27.43
5.733	27.43
5.750	27.50
5.767	27.50
5.783	27.35
5.800	27.15
5.817	26.88
5.833	26.87
5.850	26.42
5.867	25.92
5.883	25.16
5.900	24.32
5.917	23.17
5.933	23.16
5.950	21.97
5.967	20.28
5.983	18.28
6.000	16.13
6.017	13.54
6.033	13.54
6.050	10.61
6.067	7.594
6.083	4.499
6.100	0.848
6.117	-2.060
6.133	-2.042
6.150	-5.324
6.167	-8.361
6.183	-11.47
6.200	-14.10
6.217	-16.48
6.233	-16.48
6.250	-18.73
6.267	-20.52
6.283	-22.15
6.300	-23.42
6.317	-24.52
6.333	-24.49
6.350	-25.38
6.367	-26.09
6.383	-26.69
6.400	-27.10
6.417	-27.39
6.433	-27.39
6.450	-27.60
6.467	-27.70
6.483	-27.69
6.500	-27.60
6.517	-27.40
6.533	-27.39
6.550	-27.07
6.567	-26.66
6.583	-26.09
6.600	-25.39
6.617	-24.49
6.633	-24.48
6.650	-23.34
6.667	-22.09
6.683	-20.42
6.700	-18.63
6.717	-16.36
6.733	-16.37
6.750	-13.96
6.767	-11.32
6.783	-8.256
6.800	-5.205
6.817	-1.932
6.833	-1.930
6.850	0.848
6.867	3.972
6.883	7.495
6.900	10.48
6.917	13.47
6.933	13.46
6.950	16.00
6.967	18.09
6.983	19.88
7.000	21.51
7.017	22.81
7.033	22.82
7.050	23.93
7.067	24.78
7.083	25.49
7.100	26.04
7.117	26.41
7.133	26.41
7.150	26.73
7.167	26.87
7.183	26.96
7.200	26.91
7.217	26.80
7.233	26.81
7.250	26.57
7.267	26.22
7.283	25.73
7.300	25.16
7.317	24.41
7.333	24.41
7.350	23.47
7.367	22.35
7.383	20.80
7.400	19.23
7.417	17.21
7.433	17.22
7.450	15.00
7.467	12.48
7.483	
7.500	6.610
7.517	3.824
7.533	3.849
7.550	0.728
7.567	-2.532
7.583	-5.840
7.600	-8.774
7.617	-11.65
7.633	-11.65
7.650	-14.24
7.667	-16.45
7.683	-18.60
7.700	-20.29
7.717	-21.80
7.733	-21.80
7.750	-23.07
7.767	-24.09
7.783	-24.98
7.800	-25.65
7.817	-26.17
7.833	-26.16
7.850	-26.57
7.867	-26.83
7.883	-27.00
7.900	-27.05
7.917	-26.99
7.933	-26.97
7.950	-26.82
7.967	-26.59
7.983	-26.22
8.000	-25.74
8.017	-25.09
8.033	-25.11
8.050	-24.28
8.067	-23.35
8.083	-22.09
8.100	-20.72
8.117	-19.06
8.133	-19.06
8.150	-17.03
8.167	-14.90
8.183	-12.34
8.200	-9.710
8.217	-6.758
8.233	-6.784
8.250	-3.723
8.267	-1.039
8.283	2.616
8.300	5.551
8.317	7.836
8.333	7.823
8.350	10.81
8.367	14.01
8.383	16.29
8.400	18.23
8.417	19.91
8.433	19.90
8.450	21.43
8.467	22.64
8.483	23.71
8.500	24.53
8.517	25.15
8.533	25.13
8.550	25.64
8.567	26.02
8.583	26.24
8.600	26.37
8.617	26.43
8.633	26.43
8.650	26.39
8.667	26.21
8.683	25.87
8.700	25.48
8.717	24.94
8.733	24.94
8.750	24.26
8.767	23.43
8.783	22.36
8.800	21.06
8.817	19.48
8.833	19.47
8.850	17.72
8.867	15.76
8.883	13.31
8.900	10.73
8.917	7.776
8.933	7.771
8.950	5.255
8.967	1.889
8.983	-1.382
9.000	-4.115
9.017	-7.174
9.033	-7.173
9.050	-9.987
9.067	-12.47
9.083	-14.92
9.100	-16.87
9.117	-18.80
9.133	-18.80
9.150	-20.44
9.167	-21.74
9.183	-22.89
9.200	-23.82
9.217	-24.59
9.233	-24.59
9.250	-25.23
9.267	-25.71
9.283	-26.07
9.300	-26.30
9.317	-26.42
9.333	-26.40
9.350	-26.42
9.367	-26.34
9.383	-26.13
9.400	-25.84
9.417	-25.41
9.433	-25.41
9.450	-24.83
9.467	-24.14
9.483	-23.19
9.500	-22.13
9.517	-20.81
9.533	-20.82
9.550	-19.30
9.567	-17.52
9.583	-15.43
9.600	-13.20
9.617	-10.65
9.633	-10.63
9.650	-7.884
9.667	-5.099
9.683	-2.032
9.700	0.480
9.717	3.853
9.733	3.850
9.750	6.712
9.767	
9.783	12.05
9.800	14.41
9.817	16.44
9.833	16.46
9.850	18.30
9.867	19.80
9.883	21.25
9.900	22.28
9.917	23.20
9.933	23.21
9.950	24.03
9.967	24.61
9.983	25.08
10.000	25.43
10.017	25.65
10.033	25.65
10.050	25.75
10.067	25.72
10.083	25.61
10.100	25.33
10.117	24.96
10.133	24.95
10.150	24.45
10.167	23.88
10.183	23.00
10.200	22.13
10.217	20.90
10.233	20.90
10.250	19.49
10.267	17.99
10.283	15.92
10.300	13.87
10.317	11.21
10.333	11.20
10.350	8.133
10.367	
10.383	
10.400	0.476
10.417	-2.704
10.433	-2.714
10.450	-5.596
10.467	-8.309
10.483	-11.02
10.500	-13.34
10.517	-15.55
10.533	-15.57
10.550	-17.49
10.567	-19.17
10.583	-20.69
10.600	-21.86
10.617	-22.90
10.633	-22.89
10.650	-23.75
10.667	-24.40
10.683	-24.98
10.700	-25.37
10.717	-25.64
10.733	-25.65
10.750	-25.82
10.767	-25.87
10.783	-25.81
10.800	-25.64
10.817	-25.36
10.833	-25.35
10.850	-24.92
10.867	-24.39
10.883	-23.69
10.900	-22.89
10.917	-21.84
10.933	-21.85
10.950	-20.61
10.967	-19.27
10.983	-17.50
11.000	-15.69
11.017	-13.52
11.033	-13.52
11.050	-11.18
11.067	-8.655
11.083	-5.823
11.100	-3.089
11.117	
11.133	
11.150	
11.167	4.605
11.183	7.428
11.200	10.05
11.217	13.00
11.233	13.01
11.250	15.21
11.267	17.04
11.283	18.70
11.300	20.02
11.317	21.28
11.333	21.27
11.350	22.27
11.367	23.03
11.383	23.68
11.400	24.22
11.417	24.56
11.433	24.54
11.450	24.85
11.467	25.00
11.483	24.98
11.500	24.88
11.517	24.65
11.533	24.65
11.550	24.29
11.567	23.85
11.583	23.18
11.600	22.49
11.617	21.63
11.633	21.64
11.650	20.52
11.667	19.20
11.683	17.59
11.700	15.85
11.717	13.82
11.733	13.82
11.750	11.46
11.767	
11.783	6.328
11.800	3.917
11.817	0.980
11.833	0.604
11.850	-1.790
11.867	-4.550
11.883	-7.353
11.900	-9.846
11.917	-12.27
11.933	-12.26
11.950	-14.44
11.967	-16.29
11.983	-18.06
12.000	-19.52
12.017	-20.85
12.033	-20.84
12.050	-21.93
12.067	-22.78
12.083	-23.57
12.100	-24.15
12.117	-24.62
12.133	-24.62
12.150	-24.95
12.167	-25.15
12.183	-25.26
12.200	-25.25
12.217	-25.11
12.233	-25.11
12.250	-24.84
12.267	-24.49
12.283	-23.94
12.300	-23.33
12.317	-22.50
12.333	-22.49
12.350	-21.50
12.367	-20.38
12.383	-19.01
12.400	-17.40
12.417	-15.58
12.433	-15.59
12.450	-13.55
12.467	
12.483	-8.858
12.500	-6.377
12.517	-3.661
12.533	-3.645
12.550	-1.390
12.567	1.225
12.583	4.435
12.600	6.864
12.617	
12.633	
12.650	11.80
12.667	13.97
12.683	15.88
12.700	17.56
12.717	18.95
12.733	18.94
12.750	20.37
12.767	21.39
12.783	22.30
12.800	22.97
12.817	23.60
12.833	23.61
12.850	24.01
12.867	24.33
12.883	24.48
12.900	24.56
12.917	24.43
12.933	24.42
12.950	24.25
12.967	23.98
12.983	23.53
13.000	22.93
13.017	22.28
13.033	22.28
13.050	21.37
13.067	20.32
13.083	19.01
13.100	17.57
13.117	15.83
13.133	15.83
13.150	13.94
13.167	11.80
13.183	
13.200	6.794
13.217	4.245
13.233	4.241
13.250	
13.267	-1.420
13.283	-4.435
13.300	-6.443
13.317	-9.031
13.333	-9.014
13.350	-11.36
13.367	-13.47
13.383	-15.45
13.400	-17.13
13.417	-18.72
13.433	-18.73
13.450	-20.04
13.467	-21.10
13.483	-22.06
13.500	-22.84
13.517	-23.45
13.533	-23.43
13.550	-23.90
13.567	-24.24
13.583	-24.48
13.600	-24.59
13.617	-24.57
13.633	-24.58
13.650	-24.46
13.667	-24.23
13.683	-23.87
13.700	-23.37
13.717	-22.72
13.733	-22.74
13.750	-21.97
13.767	-21.07
13.783	-19.89
13.800	-18.63
13.817	-17.00
13.833	-17.02
13.850	-15.34
13.867	-13.44
13.883	-11.22
13.900	-8.956
13.917	-6.436
13.933	-6.422
13.950	-3.863
13.967	-1.429
13.983	0.471
14.000	3.940
14.017	6.399
14.033	6.388
14.050	
14.067	10.79
14.083	13.32
14.100	15.12
14.117	16.74
14.133	16.73
14.150	18.14
14.167	19.43
14.183	20.71
14.200	21.61
14.217	22.26
14.233	22.25
14.250	22.86
14.267	23.28
14.283	23.56
14.300	23.80
14.317	23.83
14.333	23.81
14.350	23.81
14.367	23.61
14.383	23.35
14.400	22.91
14.417	22.32
14.433	22.32
14.450	21.71
14.467	20.81
14.483	19.67
14.500	18.39
14.517	16.95
14.533	16.94
14.550	15.24
14.567	13.45
14.583	11.23
14.600	
14.617	6.531
14.633	6.511
14.650	4.145
14.667	1.723
14.683	-1.431
14.700	-3.756
14.717	-6.264
14.733	-6.273
14.750	-8.674
14.767	-10.90
14.783	-13.04
14.800	-14.84
14.817	-16.48
14.833	-16.47
14.850	-17.96
14.867	-19.27
14.883	-20.43
14.900	-21.34
14.917	-22.13
14.933	-22.11
14.950	-22.74
14.967	-23.22
14.983	-23.59
15.000	-23.83
15.017	-23.95
15.033	-23.95
15.050	-23.95
15.067	-23.84
15.083	-23.59
15.100	-23.26
15.117	-22.76
15.133	-22.75
15.150	-22.13
15.167	-21.37
15.183	-20.43
15.200	-19.38
15.217	-18.07
15.233	-18.05
15.250	-16.53
15.267	-14.92
15.283	-12.97
15.300	-11.00
15.317	-8.680
15.333	-8.708
15.350	-6.364
15.367	
15.383	-1.433
15.400	1.095
15.417	3.819
15.433	3.838
15.450	6.236
15.467	7.988
15.483	10.59
15.500	13.11
15.517	14.98
15.533	14.96
15.550	16.61
15.567	18.07
15.583	19.41
15.600	20.32
15.617	21.25
15.633	21.24
15.650	21.96
15.667	22.57
15.683	23.06
15.700	23.37
15.717	23.53
15.733	23.53
15.750	23.57
15.767	23.49
15.783	23.34
15.800	23.03
15.817	22.57
15.833	22.56
15.850	22.06
15.867	21.35
15.883	20.43
15.900	19.47
15.917	18.16
15.933	18.15
15.950	16.78
15.967	15.22
15.983	13.33
16.000	11.38
16.017	
16.033	
16.050	6.648
16.067	4.669
16.083	1.095
16.100	-1.035
16.117	-3.232
16.133	-3.242
16.150	-5.712
16.167	-8.089
16.183	-10.41
16.200	-12.40
16.217	-14.35
16.233	-14.34
16.250	-16.01
16.267	-17.44
16.283	-18.84
16.300	-19.89
16.317	-20.90
16.333	-20.89
16.350	-21.67
16.367	-22.27
16.383	-22.78
16.400	-23.13
16.417	-23.35
16.433	-23.33
16.450	-23.45
16.467	-23.45
16.483	-23.32
16.500	-23.09
16.517	-22.72
16.533	-22.72
16.550	-22.23
16.567	-21.59
16.583	-20.79
16.600	-19.89
16.617	-18.79
16.633	-18.78
16.650	-17.46
16.667	-16.03
16.683	-14.32
16.700	-12.52
16.717	-10.48
16.733	-10.46
16.750	-8.289
16.767	-6.020
16.783	-3.533
16.800	-1.389
16.817	1.476
16.833	
16.850	2.987
16.867	
16.883	
16.900	
16.917	12.81
16.933	12.74
16.950	14.52
16.967	16.14
16.983	17.63
17.000	18.81
17.017	19.87
17.033	19.85
17.050	20.77
17.067	21.44
17.083	22.03
17.100	22.49
17.117	22.75
17.133	22.75
17.150	22.97
17.167	23.05
17.183	22.96
17.200	22.85
17.217	22.52
17.233	22.53
17.250	22.15
17.267	21.55
17.283	20.75
17.300	19.92
17.317	18.85
17.333	18.85
17.350	17.62
17.367	16.23
17.383	14.58
17.400	12.84
17.417	10.72
17.433	10.70
17.450	8.490
17.467	5.626
17.483	4.060
17.500	0.985
17.517	
17.533	
17.550	-3.288
17.567	-5.570
17.583	-8.008
17.600	-10.09
17.617	-12.14
17.633	-12.15
17.650	-13.96
17.667	-15.57
17.683	-17.01
17.700	-18.25
17.717	-19.40
17.733	-19.41
17.750	-20.32
17.767	-21.10
17.783	-21.74
17.800	-22.19
17.817	-22.55
17.833	-22.54
17.850	-22.76
17.867	-22.88
17.883	-22.85
17.900	-22.71
17.917	-22.46
17.933	-22.46
17.950	-22.08
17.967	-21.59
17.983	-20.95
18.000	-20.17
18.017	-19.23
18.033	-19.23
18.050	-18.06
18.067	-16.82
18.083	-15.34
18.100	-13.74
18.117	-11.95
18.133	-11.93
18.150	-9.959
18.167	-7.926
18.183	-5.603
18.200	-3.370
18.217	-1.379
18.233	-1.411
18.250	1.102
18.267	3.758
18.283	6.013
18.300	7.927
18.317	10.10
18.333	10.08
18.350	12.41
18.367	14.21
18.383	15.82
18.400	17.19
18.417	18.43
18.433	18.44
18.450	19.42
18.467	20.30
18.483	21.00
18.500	21.52
18.517	22.02
18.533	22.03
18.550	22.30
18.567	22.52
18.583	22.60
18.600	22.52
18.617	22.31
18.633	22.32
18.650	22.00
18.667	21.57
18.683	20.97
18.700	20.27
18.717	19.31
18.733	19.30
18.750	18.19
18.767	17.00
18.783	15.48
18.800	13.99
18.817	12.16
18.833	12.14
18.850	10.16
18.867	
18.883	5.785
18.900	3.788
18.917	1.102
18.933	
18.950	-1.550
18.967	-3.468
18.983	-5.811
19.000	-7.954
19.017	-10.07
19.033	-10.05
19.050	-11.95
19.067	-13.68
19.083	-15.28
19.100	-16.62
19.117	-17.88
19.133	-17.88
19.150	-18.99
19.167	-19.84
19.183	-20.59
19.200	-21.18
19.217	-21.63
19.233	-21.63
19.250	-21.95
19.267	-22.15
19.283	-22.23
19.300	-22.17
19.317	-22.03
19.333	-22.04
19.350	-21.78
19.367	-21.41
19.383	-20.84
19.400	-20.21
19.417	-19.37
19.433	-19.39
19.450	-18.43
19.467	-17.31
19.483	-16.02
19.500	-14.61
19.517	-12.98
19.533	-12.98
19.550	-11.23
19.567	-9.322
19.583	-7.203
19.600	-5.130
19.617	-2.810
19.633	-2.819
19.650	
19.667	0.978
19.683	4.005
19.700	6.165
19.717	7.975
19.733	7.962
19.750	10.01
19.767	11.86
19.783	14.14
19.800	15.59
19.817	16.95
19.833	16.94
19.850	18.09
19.867	19.08
19.883	19.93
19.900	20.52
19.917	21.08
19.933	21.08
19.950	21.52
19.967	21.77
19.983	21.92
20.000	21.96
20.017	21.82
20.033	21.82
20.050	21.64
20.067	21.29
20.083	20.81
20.100	20.24
20.117	19.45
20.133	19.45
20.150	18.54
20.167	17.45
20.183	16.10
20.200	14.73
20.217	13.04
20.233	13.04
20.250	11.29
20.267	
20.283	6.791
20.300	5.179
20.317	1.991
20.333	
20.350	
20.367	
20.383	-4.059
20.400	-6.113
20.417	-8.287
20.433	-8.284
20.450	-10.21
20.467	-11.99
20.483	-13.72
20.500	-15.16
20.517	-16.41
20.533	-16.42
20.550	-17.57
20.567	-18.59
20.583	-19.47
20.600	-20.10
20.617	-20.69
20.633	-20.66
20.650	-21.08
20.667	-21.34
20.683	-21.50
20.700	-21.57
20.717	-21.51
20.733	-21.49
20.750	-21.30
20.767	-21.00
20.783	-20.57
20.800	-20.06
20.817	-19.36
20.833	-19.35
20.850	-18.55
20.867	-17.53
20.883	-16.32
20.900	-15.10
20.917	-13.57
20.933	-13.59
20.950	-12.01
20.967	-10.25
20.983	-8.331
21.000	-6.379
21.017	-4.219
21.033	-4.227
21.050	-2.130
21.067	0.347
21.083	2.396
21.100	4.417
21.117	6.519
21.133	6.511
21.150	8.051
21.167	10.04
21.183	11.99
21.200	13.57
21.217	15.01
21.233	15.01
21.250	16.32
21.267	17.40
21.283	18.34
21.300	19.14
21.317	19.82
21.333	19.81
21.350	20.31
21.367	20.67
21.383	20.95
21.400	21.03
21.417	21.01
21.433	21.01
21.450	20.90
21.467	20.58
21.483	20.20
21.500	19.71
21.517	19.00
21.533	18.98
21.550	18.14
21.567	17.20
21.583	16.04
21.600	14.83
21.617	13.27
21.633	13.26
21.650	11.75
21.667	9.998
21.683	7.814
21.700	6.139
21.717	4.097
21.733	4.123
21.750	1.630
21.767	0.224
21.783	-2.372
21.800	-4.383
21.817	-6.553
21.833	-6.532
21.850	-8.471
21.867	-10.29
21.883	-12.07
21.900	-13.59
21.917	-15.01
21.933	-15.03
21.950	-16.19
21.967	-17.30
21.983	-18.22
22.000	-19.03
22.017	-19.66
22.033	-19.67
22.050	-20.18
22.067	-20.56
22.083	-20.84
22.100	-20.98
22.117	-21.01
22.133	-21.00
22.150	-20.89
22.167	-20.70
22.183	-20.37
22.200	-19.94
22.217	-19.33
22.233	-19.34
22.250	-18.65
22.267	-17.72
22.283	-16.70
22.300	-15.61
22.317	-14.29
22.333	-14.27
22.350	-12.84
22.367	-11.26
22.383	-9.500
22.400	-7.684
22.417	-5.611
22.433	-5.615
22.450	-3.591
22.467	-1.540
22.483	0.351
22.500	2.253
22.517	4.820
22.533	4.826
22.550	6.712
22.567	
22.583	10.55
22.600	12.15
22.617	13.74
22.633	13.76
22.650	15.12
22.667	16.27
22.683	17.36
22.700	18.23
22.717	19.02
22.733	19.01
22.750	19.62
22.767	20.04
22.783	20.42
22.800	20.64
22.817	20.76
22.833	20.77
22.850	20.71
22.867	20.56
22.883	20.27
22.900	19.85
22.917	19.31
22.933	19.32
22.950	18.64
22.967	17.77
22.983	16.80
23.000	15.72
23.017	14.38
23.033	14.37
23.050	12.97
23.067	11.28
23.083	
23.100	7.090
23.117	5.582
23.133	5.572
23.150	3.758
23.167	1.489
23.183	
23.200	-2.668
23.217	-4.809
23.233	-4.839
23.250	-6.803
23.267	-8.725
23.283	-10.49
23.300	-12.08
23.317	-13.60
23.333	-13.59
23.350	-14.86
23.367	-16.03
23.383	-17.02
23.400	-17.87
23.417	-18.67
23.433	-18.66
23.450	-19.23
23.467	-19.65
23.483	-20.00
23.500	-20.20
23.517	-20.31
23.533	-20.28
23.550	-20.27
23.567	-20.14
23.583	-19.86
23.600	-19.49
23.617	-19.03
23.633	-19.05
23.650	-18.44
23.667	-17.67
23.683	-16.73
23.700	-15.75
23.717	-14.52
23.733	-14.51
23.750	-13.19
23.767	-11.72
23.783	-10.08
23.800	-8.392
23.817	-6.441
23.833	-6.446
23.850	-4.553
23.867	-2.541
23.883	
23.900	1.381
23.917	3.794
23.933	3.781
23.950	5.668
23.967	7.470
23.983	9.203
24.000	10.92
24.017	12.68
24.033	12.69
24.050	14.08
24.067	15.34
24.083	16.43
24.100	17.43
24.117	18.31
24.133	18.32
24.150	18.96
24.167	19.46
24.183	19.89
24.200	20.19
24.217	20.35
24.233	20.35
24.250	20.33
24.267	20.26
24.283	20.04
24.300	19.74
24.317	19.25
24.333	19.24
24.350	18.61
24.367	17.87
24.383	17.01
24.400	16.01
24.417	14.74
24.433	14.73
24.450	13.48
24.467	11.97
24.483	10.27
24.500	
24.517	6.533
24.533	6.544
24.550	4.683
24.567	2.022
24.583	0.996
24.600	-1.455
24.617	-3.485
24.633	-3.468
24.650	-5.358
24.667	-7.288
24.683	-9.082
24.700	-10.70
24.717	-12.28
24.733	-12.30
24.750	-13.66
24.767	-14.90
24.783	-15.97
24.800	-16.81
24.817	-17.66
24.833	-17.65
24.850	-18.30
24.867	-18.84
24.883	-19.27
24.900	-19.56
24.917	-19.74
24.933	-19.72
24.950	-19.77
24.967	-19.71
24.983	-19.53
25.000	-19.27
25.017	-18.84
25.033	-18.83
25.050	-18.27
25.067	-17.60
25.083	-16.75
25.100	-15.90
25.117	-14.76
25.133	-14.77
25.150	-13.60
25.167	-12.25
25.183	-10.80
25.200	-9.236
25.217	-7.409
25.233	-7.398
25.250	-5.654
25.267	-3.723
25.283	-1.792
25.300	0.996
25.317	2.022
25.333	2.022
25.350	4.042
25.367	
25.383	7.592
25.400	
25.417	11.01
25.433	11.02
25.450	12.50
25.467	13.86
25.483	15.06
25.500	16.09
25.517	17.03
25.533	17.02
25.550	17.72
25.567	18.38
25.583	18.89
25.600	19.19
25.617	19.44
25.633	19.43
25.650	19.58
25.667	19.57
25.683	19.45
25.700	19.20
25.717	18.83
25.733	18.84
25.750	18.33
25.767	17.69
25.783	16.90
25.800	15.99
25.817	14.86
25.833	14.86
25.850	13.66
25.867	12.27
25.883	10.78
25.900	
25.917	6.766
25.933	6.765
25.950	5.204
25.967	3.823
25.983	1.124
26.000	
26.017	-2.140
26.033	-2.142
26.050	-3.999
26.067	-5.872
26.083	-7.653
26.100	-9.262
26.117	-10.88
26.133	-10.88
26.150	-12.26
26.167	-13.58
26.183	-14.74
26.200	-15.72
26.217	-16.58
26.233	-16.57
26.250	-17.30
26.267	-17.90
26.283	-18.42
26.300	-18.76
26.317	-19.05
26.333	-19.04
26.350	-19.14
26.367	-19.16
26.383	-19.05
26.400	-18.86
26.417	-18.50
26.433	-18.50
26.450	-18.00
26.467	-17.44
26.483	-16.73
26.500	-16.00
26.517	-14.99
26.533	-14.96
26.550	-13.91
26.567	-12.68
26.583	-11.33
26.600	-9.847
26.617	-8.236
26.633	-8.238
26.650	-6.570
26.667	-4.826
26.683	-2.962
26.700	-1.384
26.717	0.996
26.733	0.996
26.750	2.534
26.767	4.433
26.783	6.241
26.800	7.727
26.817	9.554
26.833	9.552
26.850	11.02
26.867	12.45
26.883	13.68
26.900	14.73
26.917	15.71
26.933	15.73
26.950	16.59
26.967	17.24
26.983	17.80
27.000	18.18
27.017	18.50
27.033	18.49
27.050	18.64
27.067	18.71
27.083	18.61
27.100	18.46
27.117	18.10
27.133	18.08
27.150	17.67
27.167	17.10
27.183	16.36
27.200	15.59
27.217	14.56
27.233	14.55
27.250	13.49
27.267	12.23
27.283	10.78
27.300	9.368
27.317	7.511
27.333	7.500
27.350	
27.367	
27.383	2.534
27.400	1.252
27.417	
27.433	
27.450	
27.467	
27.483	-6.559
27.500	-8.065
27.517	-9.525
27.533	-9.749
27.550	-10.90
27.567	-12.34
27.583	-14.08
27.600	
27.617	
27.633	
27.650	
27.667	
27.683	-17.72
27.700	-18.27
27.717	
27.733	
27.750	
27.767	
27.783	
27.800	
27.817	-17.87
27.833	-18.34
27.850	
27.867	
27.883	
27.900	
27.917	
27.933	
27.950	
27.967	
27.983	
28.000	
28.017	
28.033	
28.050	
28.067	
28.083	
28.100	
28.117	
28.133	
28.150	1.641
28.167	3.841
28.183	5.621
28.200	7.310
28.217	8.540
28.233	8.525
28.250	10.01
28.267	11.46
28.283	12.76
28.300	13.92
28.317	14.96
28.333	14.97
28.350	15.81
28.367	16.60
28.383	17.22
28.400	17.70
28.417	18.12
28.433	18.13
28.450	18.36
28.467	18.45
28.483	18.43
28.500	18.34
28.517	18.10
28.533	18.12
28.550	17.73
28.567	17.23
28.583	16.59
28.600	15.83
28.617	14.91
28.633	14.90
28.650	13.91
28.667	12.77
28.683	11.46
28.700	10.09
28.717	
28.733	
28.750	6.863
28.767	5.163
28.783	3.686
28.800	0.746
28.817	
28.833	-0.290
28.850	-1.972
28.867	-3.773
28.883	-5.516
28.900	-7.106
28.917	-8.763
28.933	-8.772
28.950	-10.21
28.967	-11.56
28.983	-12.79
29.000	-13.82
29.017	-14.80
29.033	-14.83
29.050	-15.65
29.067	-16.27
29.083	-16.83
29.100	-17.26
29.117	-17.64
29.133	-17.65
29.150	-17.87
29.167	-18.00
29.183	-17.99
29.200	-17.88
29.217	-17.66
29.233	-17.65
29.250	-17.33
29.267	-16.87
29.283	-16.29
29.300	-15.66
29.317	-14.82
29.333	-14.80
29.350	-13.89
29.367	-12.86
29.383	-11.72
29.400	-10.46
29.417	-8.996
29.433	-9.021
29.450	-7.592
29.467	-5.972
29.483	-4.270
29.500	-2.603
29.517	
29.533	
29.550	1.384
29.567	2.669
29.583	4.468
29.600	6.080
29.617	7.663
29.633	7.641
29.650	9.074
29.667	10.55
29.683	11.80
29.700	13.00
29.717	14.07
29.733	14.07
29.750	14.98
29.767	15.72
29.783	16.39
29.800	16.88
29.817	17.35
29.833	17.36
29.850	17.66
29.867	17.83
29.883	17.91
29.900	17.83
29.917	17.67
29.933	17.68
29.950	17.37
29.967	16.95
29.983	16.41
30.000	15.73
30.017	14.87
30.033	14.86
30.050	13.99
30.067	12.89
30.083	11.73
30.100	10.44
30.117	
30.133	
30.150	
30.167	5.833
30.183	4.159
30.200	2.540
30.217	1.258
30.233	1.000
30.250	-1.403
30.267	-2.614
30.283	-4.701
30.300	-6.316
30.317	-7.900
30.333	-7.884
30.350	-9.266
30.367	-10.65
30.383	-11.85
30.400	-12.96
30.417	-13.96
30.433	-13.93
30.450	-14.75
30.467	-15.52
30.483	-16.06
30.500	-16.54
30.517	-16.95
30.533	-16.94
30.550	-17.21
30.567	-17.39
30.583	-17.42
30.600	-17.39
30.617	-17.20
30.633	-17.21
30.650	-16.94
30.667	-16.55
30.683	-16.08
30.700	-15.51
30.717	-14.77
30.733	-14.77
30.750	-13.95
30.767	-12.97
30.783	-11.89
30.800	-10.74
30.817	-9.377
30.833	-9.390
30.850	-8.065
30.867	-6.518
30.883	-4.931
30.900	-3.368
30.917	-1.631
30.933	-1.629
30.950	0.613
30.967	1.902
30.983	3.700
31.000	5.059
31.017	6.704
31.033	6.721
31.050	8.094
31.067	9.559
31.083	10.89
31.100	12.05
31.117	13.21
31.133	13.19
31.150	14.05
31.167	14.91
31.183	15.63
31.200	16.18
31.217	16.70
31.233	16.70
31.250	17.03
31.267	17.26
31.283	17.34
31.300	17.32
31.317	17.16
31.333	17.16
31.350	16.92
31.367	16.52
31.383	16.04
31.400	15.43
31.417	14.66
31.433	14.66
31.450	13.81
31.467	12.77
31.483	11.70
31.500	10.52
31.517	
31.533	
31.550	
31.567	6.111
31.583	4.664
31.600	
31.617	1.641
31.633	0.869
31.650	
31.667	-2.049
31.683	-3.692
31.700	-5.258
31.717	-6.844
31.733	-6.829
31.750	-8.186
31.767	-9.553
31.783	-10.83
31.800	-11.95
31.817	-12.97
31.833	-12.98
31.850	-13.85
31.867	-14.65
31.883	-15.30
31.900	-15.82
31.917	-16.20
31.933	-16.18
31.950	-16.47
31.967	-16.70
31.983	-16.82
32.000	-16.80
32.017	-16.68
32.033	-16.69
32.050	-16.49
32.067	-16.15
32.083	-15.73
32.100	-15.21
32.117	-14.53
32.133	-14.51
32.150	-13.74
32.167	-12.87
32.183	-11.85
32.200	-10.79
32.217	-9.516
32.233	-9.508
32.250	-8.226
32.267	-6.820
32.283	-5.307
32.300	-3.838
32.317	-2.189
32.333	-2.214
32.350	
32.367	1.250
32.383	2.912
32.400	4.158
32.417	5.736
32.433	5.731
32.450	7.150
32.467	8.144
32.483	9.682
32.500	10.88
32.517	12.05
32.533	12.03
32.550	12.99
32.567	13.89
32.583	14.64
32.600	15.19
32.617	15.68
32.633	15.68
32.650	16.08
32.667	16.36
32.683	16.55
32.700	16.57
32.717	16.45
32.733	16.44
32.750	16.29
32.767	15.97
32.783	15.51
32.800	15.02
32.817	14.34
32.833	14.34
32.850	13.57
32.867	12.64
32.883	11.60
32.900	10.48
32.917	
32.933	
32.950	
32.967	6.332
32.983	4.916
33.000	3.761
33.017	1.122
33.033	0.865
33.050	-3.107E-2
33.067	-1.429
33.083	-2.951
33.100	-4.433
33.117	-6.035
33.133	-6.020
33.150	-7.431
33.167	-8.749
33.183	-9.998
33.200	-11.08
33.217	-12.16
33.233	-12.17
33.250	-13.05
33.267	-13.89
33.283	-14.55
33.300	-15.10
33.317	-15.59
33.333	-15.61
33.350	-15.96
33.367	-16.16
33.383	-16.30
33.400	-16.35
33.417	-16.27
33.433	-16.24
33.450	-16.07
33.467	-15.81
33.483	-15.45
33.500	-14.97
33.517	-14.37
33.533	-14.40
33.550	-13.73
33.567	-12.92
33.583	-12.00
33.600	-10.98
33.617	-9.814
33.633	-9.791
33.650	-8.595
33.667	-7.285
33.683	-5.870
33.700	-4.434
33.717	-2.826
33.733	-2.831
33.750	-1.431
33.767	1.393
33.783	2.169
33.800	
33.817	4.879
33.833	4.855
33.850	6.255
33.867	7.453
33.883	8.837
33.900	10.11
33.917	11.23
33.933	11.23
33.950	12.25
33.967	13.17
33.983	13.95
34.000	14.56
34.017	15.17
34.033	15.18
34.050	15.60
34.067	15.93
34.083	16.11
34.100	16.20
34.117	16.17
34.133	16.18
34.150	16.01
34.167	15.76
34.183	15.37
34.200	14.91
34.217	14.31
34.233	14.32
34.250	13.63
34.267	12.72
34.283	11.81
34.300	10.79
34.317	9.657
34.333	9.667
34.350	8.427
34.367	7.064
34.383	5.594
34.400	4.121
34.417	2.390
34.433	1.881
34.450	0.479
34.467	
34.483	-2.202
34.500	-3.706
34.517	-5.244
34.533	-5.251
34.550	-6.627
34.567	-7.990
34.583	-9.255
34.600	-10.40
34.617	-11.47
34.633	-11.47
34.650	-12.38
34.667	-13.21
34.683	-13.90
34.700	-14.47
34.717	-14.99
34.733	-14.98
34.750	-15.34
34.767	-15.66
34.783	-15.82
34.800	-15.86
34.817	-15.84
34.833	-15.85
34.850	-15.73
34.867	-15.52
34.883	-15.19
34.900	-14.78
34.917	-14.20
34.933	-14.19
34.950	-13.55
34.967	-12.81
34.983	-11.94
35.000	-11.01
35.017	-9.910
35.033	-9.888
35.050	-8.755
35.067	-7.491
35.083	-6.128
35.100	-4.770
35.117	-3.252
35.133	-3.248
35.150	-1.789
35.167	
35.183	0.982
35.200	2.501
35.217	4.222
35.233	4.230
35.250	5.618
35.267	7.001
35.283	
35.300	9.587
35.317	10.67
35.333	10.68
35.350	11.63
35.367	12.52
35.383	13.31
35.400	13.94
35.417	14.56
35.433	14.56
35.450	15.01
35.467	15.34
35.483	15.57
35.500	15.71
35.517	15.70
35.533	15.69
35.550	15.56
35.567	15.32
35.583	14.97
35.600	14.53
35.617	14.00
35.633	14.01
35.650	13.40
35.667	12.64
35.683	11.71
35.700	10.76
35.717	9.661
35.733	9.655
35.750	8.523
35.767	7.175
35.783	5.869
35.800	4.465
35.817	2.621
35.833	3.047
35.850	1.512
35.867	-0.548
35.883	-1.574
35.900	-3.005
35.917	-4.473
35.933	-4.470
35.950	-5.835
35.967	-7.185
35.983	-8.419
36.000	-9.526
36.017	-10.64
36.033	-10.65
36.050	-11.57
36.067	-12.42
36.083	-13.17
36.100	-13.78
36.117	-14.32
36.133	-14.30
36.150	-14.71
36.167	-15.02
36.183	-15.24
36.200	-15.38
36.217	-15.39
36.233	-15.38
36.250	-15.30
36.267	-15.09
36.283	-14.80
36.300	-14.46
36.317	-13.93
36.333	-13.92
36.350	-13.35
36.367	-12.64
36.383	-11.81
36.400	-10.93
36.417	-9.933
36.433	-9.949
36.450	-8.856
36.467	-7.690
36.483	-6.392
36.500	-5.136
36.517	-3.684
36.533	-3.664
36.550	-2.270
36.567	
36.583	0.483
36.600	2.026
36.617	3.750
36.633	3.761
36.650	5.061
36.667	6.373
36.683	7.606
36.700	8.820
36.717	9.954
36.733	9.957
36.750	10.91
36.767	11.82
36.783	12.63
36.800	13.36
36.817	13.95
36.833	13.97
36.850	14.40
36.867	14.77
36.883	15.01
36.900	15.18
36.917	15.24
36.933	15.25
36.950	15.19
36.967	15.03
36.983	14.75
37.000	14.38
37.017	13.87
37.033	13.88
37.050	13.29
37.067	12.54
37.083	11.70
37.100	10.82
37.117	9.757
37.133	9.759
37.150	8.713
37.167	7.466
37.183	6.162
37.200	4.864
37.217	
37.233	
37.250	1.371
37.267	
37.283	-0.927
37.300	-2.335
37.317	-3.977
37.333	-3.847
37.350	-5.183
37.367	-6.502
37.383	-7.739
37.400	-8.848
37.417	-9.959
37.433	-9.941
37.450	-10.88
37.467	-11.74
37.483	-12.52
37.500	-13.12
37.517	-13.68
37.533	-13.69
37.550	-14.13
37.567	-14.47
37.583	-14.72
37.600	-14.86
37.617	-14.91
37.633	-14.89
37.650	-14.83
37.667	-14.71
37.683	-14.45
37.700	-14.11
37.717	-13.64
37.733	-13.67
37.750	-13.13
37.767	-12.50
37.783	-11.75
37.800	-10.92
37.817	-9.948
37.833	-9.961
37.850	-8.958
37.867	-7.836
37.883	-6.627
37.900	-5.425
37.917	-4.060
37.933	-4.054
37.950	-2.693
37.967	-1.436
37.983	9.773E-2
38.000	1.645
38.017	3.840
38.033	3.968
38.050	4.274
38.067	5.574
38.083	6.824
38.100	8.001
38.117	9.221
38.133	9.211
38.150	10.15
38.167	10.98
38.183	11.89
38.200	12.55
38.217	13.16
38.233	13.17
38.250	13.68
38.267	14.10
38.283	14.41
38.300	14.55
38.317	14.65
38.333	14.65
38.350	14.63
38.367	14.48
38.383	14.24
38.400	13.88
38.417	13.40
38.433	13.41
38.450	12.89
38.467	12.20
38.483	11.41
38.500	10.61
38.517	9.649
38.533	9.660
38.550	8.638
38.567	7.447
38.583	6.208
38.600	4.945
38.617	3.723
38.633	3.761
38.650	2.791
38.667	0.996
38.683	
38.700	-1.882
38.717	-3.278
38.733	-3.265
38.750	-4.579
38.767	-5.853
38.783	-7.113
38.800	-8.228
38.817	-9.291
38.833	-9.270
38.850	-10.22
38.867	-11.05
38.883	-11.83
38.900	-12.48
38.917	-13.05
38.933	-13.07
38.950	-13.53
38.967	-13.90
38.983	-14.15
39.000	-14.34
39.017	-14.42
39.033	-14.43
39.050	-14.43
39.067	-14.31
39.083	-14.11
39.100	-13.80
39.117	-13.41
39.133	-13.41
39.150	-12.90
39.167	-12.30
39.183	-11.61
39.200	-10.85
39.217	-9.922
39.233	-9.951
39.250	-8.988
39.267	-7.987
39.283	-6.783
39.300	-5.657
39.317	-4.337
39.333	-4.342
39.350	-3.045
39.367	-1.731
39.383	
39.400	0.481
39.417	2.017
39.433	3.168
39.450	3.788
39.467	4.982
39.483	6.261
39.500	7.410
39.517	8.592
39.533	8.605
39.550	9.596
39.567	10.50
39.583	11.36
39.600	12.11
39.617	12.74
39.633	12.75
39.650	13.29
39.667	13.71
39.683	14.04
39.700	14.26
39.717	14.36
39.733	14.35
39.750	14.35
39.767	14.25
39.783	14.06
39.800	13.74
39.817	13.31
39.833	13.28
39.850	12.74
39.867	12.10
39.883	11.37
39.900	10.61
39.917	9.663
39.933	9.665
39.950	8.687
39.967	7.637
39.983	6.452
40.000	5.247
40.017	3.952
40.033	3.959
40.050	2.017
40.067	0.993
40.083	-0.416
40.100	-1.467
40.117	-2.790
40.133	-2.772
40.150	-4.063
40.167	-5.288
40.183	-6.509
40.200	-7.628
40.217	-8.687
40.233	-8.682
40.250	-9.658
40.267	-10.47
40.283	-11.28
40.300	-11.95
40.317	-12.52
40.333	-12.53
40.350	-13.01
40.367	-13.38
40.383	-13.69
40.400	-13.87
40.417	-13.96
40.433	-13.94
40.450	-13.94
40.467	-13.84
40.483	-13.64
40.500	-13.38
40.517	-13.01
40.533	-13.03
40.550	-12.57
40.567	-12.05
40.583	-11.38
40.600	-10.62
40.617	-9.785
40.633	-9.786
40.650	-8.839
40.667	-7.882
40.683	-6.742
40.700	-5.636
40.717	-4.425
40.733	-4.442
40.750	-3.175
40.767	-1.911
40.783	
40.800	-3.107E-2
40.817	1.773
40.833	1.773
40.850	
40.867	4.596
40.883	5.823
40.900	6.943
40.917	
40.933	
40.950	9.107
40.967	10.29
40.983	11.05
41.000	11.79
41.017	12.44
41.033	12.44
41.050	13.00
41.067	13.43
41.083	13.80
41.100	14.01
41.117	14.14
41.133	14.15
41.150	14.17
41.167	14.09
41.183	13.88
41.200	13.62
41.217	13.24
41.233	13.25
41.250	12.76
41.267	12.16
41.283	11.44
41.300	10.69
41.317	9.802
41.333	9.804
41.350	8.841
41.367	7.815
41.383	6.600
41.400	5.423
41.417	4.141
41.433	4.170
41.450	2.552
41.467	1.519
41.483	-3.128E-2
41.500	
41.517	-2.372
41.533	-2.359
41.550	-3.647
41.567	-4.850
41.583	-6.075
41.600	-7.148
41.617	-8.173
41.633	-8.191
41.650	-9.155
41.667	-10.02
41.683	-10.81
41.700	-11.49
41.717	-12.07
41.733	-12.09
41.750	-12.60
41.767	-13.00
41.783	-13.30
41.800	-13.53
41.817	-13.63
41.833	-13.64
41.850	-13.69
41.867	-13.61
41.883	-13.44
41.900	-13.21
41.917	-12.89
41.933	-12.88
41.950	-12.43
41.967	-11.92
41.983	-11.29
42.000	-10.58
42.017	-9.811
42.033	-9.797
42.050	-8.888
42.067	-7.995
42.083	-6.929
42.100	-5.853
42.117	-4.706
42.133	-4.729
42.150	-3.501
42.167	-2.328
42.183	-1.419
42.200	0.482
42.217	1.641
42.233	1.906
42.250	2.945
42.267	3.866
42.283	5.078
42.300	6.160
42.317	7.125
42.333	7.120
42.350	8.173
42.367	9.104
42.383	9.901
42.400	10.63
42.417	11.30
42.433	11.31
42.450	11.89
42.467	12.33
42.483	12.68
42.500	12.97
42.517	13.08
42.533	13.06
42.550	13.11
42.567	13.07
42.583	12.89
42.600	12.67
42.617	12.34
42.633	12.34
42.650	11.88
42.667	11.34
42.683	10.67
42.700	9.928
42.717	9.089
42.733	9.069
42.750	8.091
42.767	7.123
42.783	6.015
42.800	4.915
42.817	3.822
42.833	3.837
42.850	3.074
42.867	2.040
42.883	0.480
42.900	-1.408
42.917	-2.521
42.933	-2.517
42.950	-3.751
42.967	-4.870
42.983	-6.072
43.000	-7.094
43.017	-8.066
43.033	-8.088
43.050	-9.051
43.067	-9.882
43.083	-10.61
43.100	-11.30
43.117	-11.82
43.133	-11.82
43.150	-12.34
43.167	-12.73
43.183	-13.02
43.200	-13.24
43.217	-13.41
43.233	-13.40
43.250	-13.45
43.267	-13.42
43.283	-13.28
43.300	-13.10
43.317	-12.81
43.333	-12.83
43.350	-12.45
43.367	-11.99
43.383	-11.43
43.400	-10.77
43.417	-10.06
43.433	-10.06
43.450	-9.216
43.467	-8.359
43.483	-7.427
43.500	-6.374
43.517	-5.270
43.533	-5.283
43.550	-4.141
43.567	-3.003
43.583	-1.771
43.600	
43.617	0.858
43.633	0.985
43.650	2.258
43.667	
43.683	4.202
43.700	5.289
43.717	6.301
43.733	6.304
43.750	7.202
43.767	8.192
43.783	8.946
43.800	9.671
43.817	10.30
43.833	10.31
43.850	10.90
43.867	11.33
43.883	11.70
43.900	12.04
43.917	12.15
43.933	12.16
43.950	12.27
43.967	12.24
43.983	12.10
44.000	11.92
44.017	11.53
44.033	11.52
44.050	11.12
44.067	10.64
44.083	10.04
44.100	9.365
44.117	8.584
44.133	8.602
44.150	7.708
44.167	6.817
44.183	5.890
44.200	4.932
44.217	3.864
44.233	3.853
44.250	3.020
44.267	1.877
44.283	0.478
44.300	-1.349
44.317	-2.218
44.333	-2.211
44.350	-3.429
44.367	-4.547
44.383	-5.596
44.400	-6.677
44.417	-7.586
44.433	-7.611
44.450	-8.577
44.467	-9.358
44.483	-10.13
44.500	-10.85
44.517	-11.37
44.533	-11.37
44.550	-11.89
44.567	-12.26
44.583	-12.61
44.600	-12.85
44.617	-13.02
44.633	-13.02
44.650	-13.07
44.667	-13.07
44.683	-12.98
44.700	-12.84
44.717	-12.56
44.733	-12.56
44.750	-12.20
44.767	-11.81
44.783	-11.24
44.800	-10.61
44.817	-9.970
44.833	-9.967
44.850	-9.147
44.867	-8.312
44.883	-7.401
44.900	-6.412
44.917	-5.402
44.933	-5.394
44.950	-4.271
44.967	-3.206
44.983	-2.025
45.000	-1.324
45.017	0.481
45.033	0.867
45.050	
45.067	3.047
45.083	4.197
45.100	5.447
45.117	5.332
45.133	5.360
45.150	6.356
45.167	7.215
45.183	8.079
45.200	8.826
45.217	9.433
45.233	9.426
45.250	9.968
45.267	10.40
45.283	10.78
45.300	11.05
45.317	11.25
45.333	11.25
45.350	11.36
45.367	11.34
45.383	11.24
45.400	11.10
45.417	10.79
45.433	10.79
45.450	10.43
45.467	9.985
45.483	9.481
45.500	8.946
45.517	8.220
45.533	8.211
45.550	7.355
45.567	6.485
45.583	5.520
45.600	4.475
45.617	3.754
45.633	3.744
45.650	3.400
45.667	2.004
45.683	
45.700	0.741
45.717	-1.186
45.733	-1.186
45.750	-3.192
45.767	-3.461
45.783	-4.897
45.800	-6.344
45.817	-7.321
45.833	-7.323
45.850	-8.207
45.867	-9.019
45.883	-9.787
45.900	-10.43
45.917	-10.97
45.933	-10.98
45.950	-11.52
45.967	-11.88
45.983	-12.21
46.000	-12.49
46.017	-12.68
46.033	-12.67
46.050	-12.73
46.067	-12.74
46.083	-12.68
46.100	-12.47
46.117	-12.25
46.133	-12.24
46.150	-11.89
46.167	-11.49
46.183	-10.99
46.200	-10.36
46.217	-9.705
46.233	-9.708
46.250	-8.982
46.267	-8.155
46.283	-7.226
46.300	-6.298
46.317	-5.285
46.333	-5.296
46.350	-4.231
46.367	-3.147
46.383	-2.019
46.400	-1.345
46.417	
46.433	
46.450	1.252
46.467	3.303
46.483	3.719
46.500	4.592
46.517	5.614
46.533	5.517
46.550	6.208
46.567	7.916
46.583	
46.600	
46.617	10.44
46.633	10.44
46.650	11.61
46.667	10.70
46.683	11.80
46.700	12.28
46.717	12.61
46.733	11.54
46.750	12.25
46.767	12.11
46.783	12.11
46.800	11.48
46.817	11.19
46.833	12.09
46.850	10.85
46.867	
46.883	
46.900	
46.917	
46.933	
46.950	
46.967	
46.983	
47.000	
47.017	
47.033	
47.050	
47.067	
47.083	
47.100	
47.117	-1.524
47.133	-1.521
47.150	-2.670
47.167	-3.729
47.183	-4.765
47.200	-5.816
47.217	-6.715
47.233	-6.692
47.250	-7.565
47.267	-8.391
47.283	-9.152
47.300	-9.829
47.317	-10.39
47.333	-10.38
47.350	-10.90
47.367	-11.33
47.383	-11.68
47.400	-11.98
47.417	-12.14
47.433	-12.15
47.450	-12.25
47.467	-12.28
47.483	-12.20
47.500	-12.03
47.517	-11.79
47.533	-11.80
47.550	-11.49
47.567	-11.08
47.583	-10.63
47.600	-10.08
47.617	-9.457
47.633	-9.449
47.650	-8.738
47.667	-7.971
47.683	-7.087
47.700	-6.163
47.717	-5.248
47.733	-5.228
47.750	-4.201
47.767	-3.148
47.783	-2.068
47.800	-1.394
47.817	0.609
47.833	1.506
47.850	2.518
47.867	3.408
47.883	3.750
47.900	4.301
47.917	5.219
47.933	5.219
47.950	5.890
47.967	7.509
47.983	
48.000	9.220
48.017	
48.033	
48.050	9.819
48.067	10.86
48.083	10.72
48.100	11.54
48.117	11.75
48.133	11.30
48.150	11.28
48.167	11.32
48.183	11.25
48.200	11.16
48.217	10.88
48.233	11.08
48.250	10.59
48.267	10.01
48.283	9.625
48.300	
48.317	
48.333	
48.350	7.683
48.367	6.947
48.383	5.697
48.400	4.887
48.417	3.967
48.433	3.967
48.450	
48.467	2.035
48.483	0.744
48.500	0.355
48.517	-1.447
48.533	-1.447
48.550	-2.093
48.567	-3.520
48.583	-4.524
48.600	-5.576
48.617	-6.458
48.633	-6.458
48.650	-7.367
48.667	-7.817
48.683	-8.560
48.700	-9.537
48.717	-10.16
48.733	-10.16
48.750	-10.59
48.767	-11.08
48.783	-11.37
48.800	-11.69
48.817	-11.85
48.833	-11.85
48.850	-11.93
48.867	-11.96
48.883	-11.59
48.900	-11.23
48.917	-11.62
48.933	-11.62
48.950	-10.41
48.967	-10.95
48.983	-10.58
49.000	-9.669
49.017	-9.394
49.033	-9.402
49.050	-8.739
49.067	-7.961
49.083	-7.223
49.100	-6.354
49.117	-5.467
49.133	-5.473
49.150	-4.529
49.167	-3.467
49.183	-2.494
49.200	-1.429
49.217	0.482
49.233	0.612
49.250	1.509
49.267	2.534
49.283	
49.300	3.826
49.317	4.801
49.333	4.811
49.350	5.691
49.367	6.531
49.383	7.253
49.400	8.010
49.417	8.625
49.433	8.623
49.450	9.158
49.467	9.623
49.483	10.07
49.500	10.31
49.517	10.56
49.533	10.58
49.550	10.75
49.567	10.81
49.583	10.75
49.600	10.60
49.617	10.43
49.633	10.42
49.650	10.08
49.667	9.695
49.683	9.252
49.700	8.710
49.717	8.072
49.733	8.063
49.750	7.354
49.767	6.598
49.783	5.786
49.800	4.904
49.817	4.008
49.833	4.021
49.850	
49.867	2.117
49.883	
49.900	0.349
49.917	-1.048
49.933	-0.798
49.950	-2.248
49.967	-3.309
49.983	-4.272
50.000	-5.250
50.017	-6.166
50.033	-6.175
50.050	-7.056
50.067	-7.849
50.083	-8.528
50.100	-9.159
50.117	-9.714
50.133	-9.714
50.150	-10.20
50.167	-10.63
50.183	-10.99
50.200	-11.27
50.217	-11.45
50.233	-11.45
50.250	-11.56
50.267	-11.61
50.283	-11.56
50.300	-11.44
50.317	-11.27
50.333	-11.27
50.350	-10.99
50.367	-10.63
50.383	-10.22
50.400	-9.681
50.417	-9.127
50.433	-9.140
50.450	-8.527
50.467	-7.738
50.483	-7.006
50.500	-6.097
50.517	-5.201
50.533	-5.207
50.550	-4.286
50.567	-3.292
50.583	-2.315
50.600	-1.433
50.617	0.987
50.633	1.495
50.650	2.004
50.667	
50.683	3.020
50.700	3.841
50.717	4.738
50.733	4.736
50.750	5.568
50.767	6.393
50.783	7.090
50.800	7.803
50.817	8.406
50.833	8.427
50.850	8.963
50.867	9.402
50.883	9.818
50.900	10.06
50.917	10.32
50.933	10.33
50.950	10.48
50.967	10.54
50.983	10.49
51.000	10.37
51.017	10.13
51.033	10.14
51.050	9.807
51.067	9.455
51.083	9.037
51.100	8.415
51.117	7.837
51.133	7.846
51.150	7.184
51.167	6.416
51.183	5.649
51.200	4.781
51.217	3.915
51.233	3.925
51.250	
51.267	2.258
51.283	0.739
51.300	-0.159
51.317	-1.416
51.333	-1.422
51.350	-2.323
51.367	-3.280
51.383	-4.240
51.400	-5.145
51.417	-6.032
51.433	-6.052
51.450	-6.860
51.467	-7.632
51.483	-8.305
51.500	-8.971
51.517	-9.523
51.533	-9.513
51.550	-9.990
51.567	-10.41
51.583	-10.78
51.600	-11.06
51.617	-11.24
51.633	-11.24
51.650	-11.35
51.667	-11.43
51.683	-11.39
51.700	-11.31
51.717	-11.11
51.733	-11.13
51.750	-10.88
51.767	-10.52
51.783	-10.12
51.800	-9.647
51.817	-9.133
51.833	-9.131
51.850	-8.539
51.867	-7.807
51.883	-7.046
51.900	-6.244
51.917	-5.391
51.933	-5.392
51.950	-4.528
51.967	-3.538
51.983	-2.561
52.000	-1.590
52.017	
52.033	
52.050	0.985
52.067	1.999
52.083	3.013
52.100	3.755
52.117	4.606
52.133	4.648
52.150	5.465
52.167	6.264
52.183	6.952
52.200	7.616
52.217	8.239
52.233	8.259
52.250	8.862
52.267	9.332
52.283	9.743
52.300	10.01
52.317	10.27
52.333	10.29
52.350	10.43
52.367	10.49
52.383	10.47
52.400	10.36
52.417	10.22
52.433	10.22
52.450	9.925
52.467	9.581
52.483	9.165
52.500	8.595
52.517	8.003
52.533	8.007
52.550	7.368
52.567	6.624
52.583	5.847
52.600	5.022
52.617	4.137
52.633	4.155
52.650	
52.667	2.512
52.683	1.114
52.700	-3.093E-2
52.717	
52.733	
52.750	-1.692
52.767	-2.728
52.783	-3.668
52.800	-4.573
52.817	-5.440
52.833	-5.434
52.850	-6.238
52.867	-7.005
52.883	-7.705
52.900	-8.324
52.917	-8.931
52.933	-8.932
52.950	-9.413
52.967	-9.843
52.983	-10.23
53.000	-10.52
53.017	-10.73
53.033	-10.71
53.050	-10.83
53.067	-10.85
53.083	-10.84
53.100	-10.78
53.117	-10.61
53.133	-10.60
53.150	-10.34
53.167	-9.998
53.183	-9.576
53.200	-9.122
53.217	-8.556
53.233	-8.551
53.250	-7.965
53.267	-7.281
53.283	-6.556
53.300	-5.767
53.317	-4.869
53.333	-4.855
53.350	-3.990
53.367	-3.056
53.383	-2.102
53.400	-1.410
53.417	
53.433	
53.450	
53.467	1.247
53.483	2.778
53.500	3.754
53.517	4.619
53.533	4.639
53.550	5.437
53.567	6.240
53.583	7.020
53.600	7.738
53.617	8.354
53.633	8.333
53.650	8.897
53.667	9.373
53.683	9.739
53.700	10.05
53.717	10.26
53.733	10.24
53.750	10.40
53.767	10.49
53.783	10.49
53.800	10.40
53.817	10.21
53.833	10.22
53.850	9.946
53.867	9.607
53.883	9.195
53.900	8.715
53.917	8.130
53.933	8.133
53.950	7.460
53.967	6.747
53.983	5.999
54.000	5.164
54.017	4.277
54.033	4.271
54.050	
54.067	2.512
54.083	1.114
54.100	-0.414
54.117	
54.133	
54.150	-1.463
54.167	-2.410
54.183	-3.357
54.200	-4.242
54.217	-5.118
54.233	-5.134
54.250	-5.912
54.267	-6.707
54.283	-7.410
54.300	-8.020
54.317	-8.594
54.333	-8.579
54.350	-9.062
54.367	-9.462
54.383	-9.848
54.400	-10.15
54.417	-10.35
54.433	-10.35
54.450	-10.47
54.467	-10.52
54.483	-10.51
54.500	-10.45
54.517	-10.27
54.533	-10.26
54.550	-10.03
54.567	-9.722
54.583	-9.330
54.600	-8.861
54.617	-8.303
54.633	-8.288
54.650	-7.713
54.667	-7.041
54.683	-6.306
54.700	-5.567
54.717	-4.707
54.733	-4.731
54.750	-3.911
54.767	-3.031
54.783	-2.100
54.800	-1.421
54.817	
54.833	
54.850	
54.867	1.368
54.883	2.639
54.900	3.654
54.917	4.258
54.933	4.252
54.950	5.072
54.967	5.843
54.983	6.545
55.000	7.127
55.017	7.810
55.033	7.819
55.050	8.305
55.067	8.803
55.083	9.141
55.100	9.471
55.117	9.643
55.133	9.638
55.150	9.805
55.167	9.884
55.183	9.904
55.200	9.822
55.217	9.634
55.233	9.634
55.250	9.353
55.267	9.051
55.283	8.679
55.300	8.172
55.317	7.623
55.333	7.619
55.350	7.034
55.367	6.368
55.383	5.556
55.400	4.795
55.417	3.932
55.433	3.945
55.450	
55.467	2.766
55.483	0.987
55.500	-3.107E-2
55.517	
55.533	
55.550	-1.551
55.567	-2.434
55.583	-3.345
55.600	-4.152
55.617	-5.046
55.633	-5.039
55.650	-5.802
55.667	-6.552
55.683	-7.199
55.700	-7.807
55.717	-8.362
55.733	-8.358
55.750	-8.839
55.767	-9.246
55.783	-9.586
55.800	-9.861
55.817	-10.05
55.833	-10.05
55.850	-10.17
55.867	-10.21
55.883	-10.21
55.900	-10.14
55.917	-9.963
55.933	-9.963
55.950	-9.755
55.967	-9.450
55.983	-9.088
56.000	-8.683
56.017	-8.135
56.033	-8.152
56.050	-7.586
56.067	-6.972
56.083	-6.279
56.100	-5.535
56.117	-4.719
56.133	-4.731
56.150	-3.905
56.167	-3.037
56.183	-2.125
56.200	-1.401
56.217	
56.233	
56.250	0.996
56.267	2.412
56.283	3.438
56.300	
56.317	4.057
56.333	4.057
56.350	4.869
56.367	5.629
56.383	6.338
56.400	6.931
56.417	7.515
56.433	7.515
56.450	8.001
56.467	8.481
56.483	8.849
56.500	9.168
56.517	9.346
56.533	9.342
56.550	9.477
56.567	9.541
56.583	9.538
56.600	9.441
56.617	9.250
56.633	9.245
56.650	8.969
56.667	8.591
56.683	8.208
56.700	7.696
56.717	7.171
56.733	7.189
56.750	6.644
56.767	6.014
56.783	5.323
56.800	4.636
56.817	3.858
56.833	3.871
56.850	
56.867	2.657
56.883	0.867
56.900	-3.107E-2
56.917	
56.933	
56.950	-1.514
56.967	-2.426
56.983	-3.330
57.000	-4.148
57.017	-4.972
57.033	-4.947
57.050	-5.689
57.067	-6.403
57.083	-7.079
57.100	-7.683
57.117	-8.200
57.133	-8.218
57.150	-8.700
57.167	-9.117
57.183	-9.458
57.200	-9.734
57.217	-9.925
57.233	-9.924
57.250	-10.04
57.267	-10.08
57.283	-10.10
57.300	-10.03
57.317	-9.855
57.333	-9.848
57.350	-9.650
57.367	-9.350
57.383	-8.981
57.400	-8.575
57.417	-8.128
57.433	-8.133
57.450	-7.590
57.467	-6.972
57.483	-6.303
57.500	-5.593
57.517	-4.828
57.533	-4.826
57.550	-4.011
57.567	-3.234
57.583	-2.329
57.600	-1.500
57.617	
57.633	
57.650	0.739
57.667	1.765
57.683	
57.700	3.438
57.717	3.814
57.733	3.836
57.750	4.646
57.767	5.349
57.783	6.025
57.800	6.606
57.817	7.122
57.833	7.112
57.850	7.580
57.867	7.960
57.883	8.391
57.900	8.677
57.917	8.850
57.933	8.841
57.950	9.009
57.967	9.088
57.983	9.112
58.000	9.019
58.017	8.838
58.033	8.835
58.050	8.563
58.067	8.219
58.083	7.879
58.100	7.386
58.117	6.897
58.133	6.892
58.150	6.366
58.167	5.825
58.183	5.143
58.200	4.447
58.217	3.767
58.233	3.761
58.250	3.189
58.267	2.031
58.283	0.871
58.300	-0.161
58.317	
58.333	
58.350	-1.522
58.367	-2.325
58.383	-3.223
58.400	-4.030
58.417	-4.818
58.433	-4.819
58.450	-5.569
58.467	-6.275
58.483	-6.933
58.500	-7.520
58.517	-8.063
58.533	-8.044
58.550	-8.514
58.567	-8.905
58.583	-9.236
58.600	-9.525
58.617	-9.705
58.633	-9.709
58.650	-9.834
58.667	-9.877
58.683	-9.889
58.700	-9.830
58.717	-9.645
58.733	-9.639
58.750	-9.438
58.767	-9.162
58.783	-8.793
58.800	-8.390
58.817	-7.930
58.833	-7.936
58.850	-7.388
58.867	-6.810
58.883	-6.124
58.900	-5.429
58.917	-4.671
58.933	-4.648
58.950	-3.838
58.967	-3.031
58.983	-2.147
59.000	-1.427
59.017	
59.033	
59.050	1.002
59.067	2.155
59.083	3.053
59.100	3.823
59.117	3.760
59.133	3.758
59.150	4.534
59.167	5.261
59.183	5.938
59.200	6.569
59.217	7.072
59.233	7.051
59.250	7.515
59.267	7.965
59.283	8.391
59.300	8.692
59.317	8.884
59.333	8.885
59.350	9.046
59.367	9.140
59.383	9.157
59.400	9.071
59.417	8.902
59.433	8.892
59.450	8.706
59.467	8.384
59.483	8.041
59.500	7.632
59.517	7.149
59.533	7.156
59.550	6.581
59.567	5.964
59.583	5.270
59.600	4.553
59.617	3.830
59.633	3.851
59.650	3.147
59.667	2.004
59.683	0.991
59.700	-3.107E-2
59.717	
59.733	
59.750	
59.767	-2.042
59.783	-2.907
59.800	-3.701
59.817	-4.458
59.833	-4.459
59.850	-5.195
59.867	-5.841
59.883	-6.490
59.900	-7.083
59.917	-7.609
59.933	-7.609
59.950	-8.085
59.967	-8.473
59.983	-8.799
60.000	-9.077
60.017	-9.256
60.033	-9.238
60.050	-9.358
60.067	-9.399
60.083	-9.398
60.100	-9.320
60.117	-9.176
60.133	-9.198
60.150	-9.014
60.167	-8.732
60.183	-8.378
60.200	-8.002
60.217	-7.515
60.233	-7.506
60.250	-6.950
60.267	-6.366
60.283	-5.726
60.300	-5.049
60.317	-4.321
60.333	-4.335
60.350	-3.538
60.367	-2.807
60.383	-1.965
60.400	-1.397
60.417	
60.433	
60.450	
60.467	1.381
60.483	2.669
60.500	3.438
60.517	3.767
60.533	3.760
60.550	4.457
60.567	5.162
60.583	5.843
60.600	6.421
60.617	6.928
60.633	6.929
60.650	7.440
60.667	7.815
60.683	8.192
60.700	8.488
60.717	8.725
60.733	8.713
60.750	8.868
60.767	8.931
60.783	8.911
60.800	8.814
60.817	8.632
60.833	8.618
60.850	8.384
60.867	8.133
60.883	7.736
60.900	7.335
60.917	6.865
60.933	6.864
60.950	6.269
60.967	5.682
60.983	4.979
61.000	4.258
61.017	3.667
61.033	3.668
61.050	3.053
61.067	2.283
61.083	1.129
61.100	-0.160
61.117	
61.133	
61.150	-1.421
61.167	-2.149
61.183	-2.953
61.200	-3.736
61.217	-4.464
61.233	-4.447
61.250	-5.177
61.267	-5.796
61.283	-6.424
61.300	-6.982
61.317	-7.488
61.333	-7.477
61.350	-7.927
61.367	-8.328
61.383	-8.608
61.400	-8.889
61.417	-9.063
61.433	-9.077
61.450	-9.197
61.467	-9.233
61.483	-9.261
61.500	-9.194
61.517	-9.028
61.533	-9.015
61.550	-8.805
61.567	-8.535
61.583	-8.216
61.600	-7.824
61.617	-7.389
61.633	-7.385
61.650	-6.844
61.667	-6.307
61.683	-5.693
61.700	-5.043
61.717	-4.343
61.733	-4.338
61.750	-3.554
61.767	-2.827
61.783	-2.009
61.800	-1.433
61.817	
61.833	
61.850	1.119
61.867	2.396
61.883	3.026
61.900	3.535
61.917	3.676
61.933	3.671
61.950	4.356
61.967	5.029
61.983	5.665
62.000	6.270
62.017	6.747
62.033	6.747
62.050	7.246
62.067	7.665
62.083	8.024
62.100	8.318
62.117	8.532
62.133	8.543
62.150	8.637
62.167	8.699
62.183	8.706
62.200	8.611
62.217	8.448
62.233	8.435
62.250	8.237
62.267	7.941
62.283	7.560
62.300	7.169
62.317	6.689
62.333	6.680
62.350	6.094
62.367	5.509
62.383	4.837
62.400	4.179
62.417	3.628
62.433	3.662
62.450	3.153
62.467	1.506
62.483	0.225
62.500	-0.159
62.517	
62.533	
62.550	
62.567	-1.983
62.583	-2.747
62.600	-3.521
62.617	-4.235
62.633	-4.254
62.650	-4.963
62.667	-5.592
62.683	-6.167
62.700	-6.724
62.717	-7.207
62.733	-7.215
62.750	-7.654
62.767	-7.997
62.783	-8.308
62.800	-8.551
62.817	-8.738
62.833	-8.749
62.850	-8.871
62.867	-8.911
62.883	-8.927
62.900	-8.862
62.917	-8.716
62.933	-8.736
62.950	-8.534
62.967	-8.277
62.983	-7.957
63.000	-7.571
63.017	-7.152
63.033	-7.132
63.050	-6.600
63.067	-6.064
63.083	-5.460
63.100	-4.785
63.117	-4.095
63.133	-4.074
63.150	-3.332
63.167	-2.594
63.183	-1.847
63.200	
63.217	0.222
63.233	
63.250	1.359
63.267	2.248
63.283	3.006
63.300	3.755
63.317	3.664
63.333	3.664
63.350	4.339
63.367	4.970
63.383	5.593
63.400	6.147
63.417	6.650
63.433	6.653
63.450	7.074
63.467	7.459
63.483	7.740
63.500	8.026
63.517	8.218
63.533	8.221
63.550	8.314
63.567	8.414
63.583	8.410
63.600	8.321
63.617	8.158
63.633	8.142
63.650	7.911
63.667	7.658
63.683	7.277
63.700	6.868
63.717	6.380
63.733	6.360
63.750	5.857
63.767	5.279
63.783	4.671
63.800	3.972
63.817	
63.833	
63.850	3.013
63.867	2.380
63.883	1.495
63.900	
63.917	
63.933	
63.950	-1.423
63.967	-2.139
63.983	-2.882
64.000	-3.589
64.017	-4.247
64.033	-4.246
64.050	-4.923
64.067	-5.561
64.083	-6.112
64.100	-6.633
64.117	-7.094
64.133	-7.100
64.150	-7.531
64.167	-7.874
64.183	-8.151
64.200	-8.392
64.217	-8.569
64.233	-8.557
64.250	-8.656
64.267	-8.687
64.283	-8.712
64.300	-8.650
64.317	-8.515
64.333	-8.530
64.350	-8.330
64.367	-8.068
64.383	-7.766
64.400	-7.365
64.417	-6.955
64.433	-6.930
64.450	-6.410
64.467	-5.862
64.483	-5.268
64.500	-4.584
64.517	-3.948
64.533	-3.948
64.550	-3.236
64.567	-2.501
64.583	-1.795
64.600	-1.423
64.617	
64.633	
64.650	1.241
64.667	2.258
64.683	3.273
64.700	4.034
64.717	
64.733	
64.750	3.944
64.767	4.541
64.783	5.132
64.800	5.666
64.817	6.141
64.833	6.141
64.850	6.519
64.867	6.911
64.883	7.231
64.900	7.422
64.917	7.610
64.933	7.605
64.950	7.713
64.967	7.766
64.983	7.770
65.000	7.698
65.017	7.537
65.033	7.518
65.050	7.275
65.067	6.987
65.083	6.711
65.100	6.342
65.117	5.861
65.133	5.848
65.150	5.326
65.167	4.799
65.183	4.216
65.200	3.739
65.217	
65.233	
65.250	2.490
65.267	1.486
65.283	0.476
65.300	
65.317	
65.333	
65.350	-1.469
65.367	-2.215
65.383	-2.917
65.400	-3.657
65.417	-4.322
65.433	-4.327
65.450	-4.938
65.467	-5.547
65.483	-6.073
65.500	-6.619
65.517	-7.027
65.533	-7.010
65.550	-7.418
65.567	-7.768
65.583	-8.045
65.600	-8.262
65.617	-8.406
65.633	-8.420
65.650	-8.512
65.667	-8.564
65.683	-8.548
65.700	-8.449
65.717	-8.311
65.733	-8.325
65.750	-8.147
65.767	-7.851
65.783	-7.579
65.800	-7.165
65.817	-6.784
65.833	-6.786
65.850	-6.297
65.867	-5.750
65.883	-5.166
65.900	-4.537
65.917	-3.892
65.933	-3.914
65.950	-3.218
65.967	-2.532
65.983	-1.802
66.000	-1.403
66.017	
66.033	
66.050	0.987
66.067	2.396
66.083	2.912
66.100	3.678
66.117	
66.133	
66.150	3.858
66.167	4.435
66.183	5.003
66.200	5.520
66.217	6.020
66.233	6.029
66.250	6.390
66.267	6.793
66.283	7.012
66.300	7.274
66.317	7.471
66.333	7.485
66.350	7.603
66.367	7.631
66.383	7.604
66.400	7.501
66.417	7.335
66.433	7.317
66.450	7.087
66.467	6.801
66.483	6.519
66.500	6.114
66.517	5.711
66.533	5.724
66.550	5.210
66.567	4.638
66.583	4.106
66.600	3.720
66.617	3.670
66.633	2.906
66.650	1.885
66.667	0.991
66.683	-3.079E-2
66.700	-0.541
66.717	
66.733	
66.750	-1.427
66.767	-2.104
66.783	-2.833
66.800	-3.501
66.817	-4.175
66.833	-4.154
66.850	-4.729
66.867	-5.338
66.883	-5.819
66.900	-6.346
66.917	-6.735
66.933	-6.727
66.950	-7.120
66.967	-7.464
66.983	-7.721
67.000	-7.907
67.017	-8.043
67.033	-8.061
67.050	-8.163
67.067	-8.199
67.083	-8.164
67.100	-8.093
67.117	-7.932
67.133	-7.956
67.150	-7.785
67.167	-7.499
67.183	-7.197
67.200	-6.818
67.217	-6.415
67.233	-6.417
67.250	-5.940
67.267	-5.414
67.283	-4.866
67.300	-4.237
67.317	-3.621
67.333	-3.631
67.350	-2.978
67.367	-2.250
67.383	-1.544
67.400	
67.417	-0.281
67.433	0.603
67.450	0.982
67.467	1.999
67.483	2.506
67.500	3.140
67.517	
67.533	3.634
67.550	4.132
67.567	4.742
67.583	5.281
67.600	5.747
67.617	6.227
67.633	6.238
67.650	6.640
67.667	6.958
67.683	7.237
67.700	7.454
67.717	7.624
67.733	7.634
67.750	7.738
67.767	7.769
67.783	7.726
67.800	7.631
67.817	7.477
67.833	7.458
67.850	7.254
67.867	6.964
67.883	6.644
67.900	6.256
67.917	5.806
67.933	5.781
67.950	5.280
67.967	4.727
67.983	4.164
68.000	3.673
68.017	3.400
68.033	3.281
68.050	2.523
68.067	1.502
68.083	0.864
68.100	-3.093E-2
68.117	
68.133	-0.412
68.150	-1.412
68.167	-2.049
68.183	-2.726
68.200	-3.380
68.217	-4.009
68.233	-4.032
68.250	-4.629
68.267	-5.229
68.283	-5.718
68.300	-6.213
68.317	-6.630
68.333	-6.627
68.350	-6.997
68.367	-7.310
68.383	-7.577
68.400	-7.782
68.417	-7.929
68.433	-7.907
68.450	-7.990
68.467	-8.014
68.483	-7.956
68.500	-7.900
68.517	-7.739
68.533	-7.717
68.550	-7.514
68.567	-7.227
68.583	-6.933
68.600	-6.543
68.617	-6.098
68.633	-6.122
68.650	-5.687
68.667	-5.126
68.683	-4.586
68.700	-3.993
68.717	-3.312
68.733	-3.335
68.750	-2.735
68.767	-2.029
68.783	-1.424
68.800	
68.817	9.642E-2
68.833	0.605
68.850	1.241
68.867	1.623
68.883	2.140
68.900	3.033
68.917	
68.933	
68.950	3.989
68.967	4.565
68.983	5.067
69.000	5.558
69.017	5.980
69.033	5.967
69.050	6.346
69.067	6.647
69.083	6.931
69.100	7.155
69.117	7.309
69.133	7.328
69.150	7.418
69.167	7.460
69.183	7.418
69.200	7.337
69.217	7.169
69.233	7.156
69.250	6.932
69.267	6.642
69.283	6.341
69.300	5.952
69.317	5.488
69.333	5.467
69.350	4.977
69.367	4.444
69.383	3.889
69.400	
69.417	3.527
69.433	2.906
69.450	2.390
69.467	1.371
69.483	0.736
69.500	-3.100E-2
69.517	
69.533	
69.550	-1.466
69.567	-2.117
69.583	-2.755
69.600	-3.384
69.617	-3.983
69.633	-3.969
69.650	-4.526
69.667	-5.080
69.683	-5.561
69.700	-6.009
69.717	-6.434
69.733	-6.431
69.750	-6.770
69.767	-7.097
69.783	-7.345
69.800	-7.517
69.817	-7.642
69.833	-7.627
69.850	-7.688
69.867	-7.724
69.883	-7.688
69.900	-7.605
69.917	-7.454
69.933	-7.433
69.950	-7.233
69.967	-6.949
69.983	-6.631
70.000	-6.258
70.017	-5.829
70.033	-5.840
70.050	-5.414
70.067	-4.893
70.083	-4.375
70.100	-3.810
70.117	-3.187
70.133	-3.169
70.150	-2.560
70.167	-1.857
70.183	-1.348
70.200	
70.217	1.250
70.233	1.889
70.250	2.401
70.267	2.912
70.283	3.295
70.300	3.797
70.317	
70.333	
70.350	3.974
70.367	4.538
70.383	5.060
70.400	5.485
70.417	5.924
70.433	5.944
70.450	6.306
70.467	6.567
70.483	6.839
70.500	7.042
70.517	7.181
70.533	7.169
70.550	7.240
70.567	7.267
70.583	7.231
70.600	7.127
70.617	6.968
70.633	6.960
70.650	6.738
70.667	6.453
70.683	6.149
70.700	5.770
70.717	5.340
70.733	5.355
70.750	4.889
70.767	4.337
70.783	3.828
70.800	3.780
70.817	2.766
70.833	2.893
70.850	1.754
70.867	1.244
70.883	0.862
70.900	-0.159
70.917	
70.933	
70.950	-1.422
70.967	-2.058
70.983	-2.689
71.000	-3.274
71.017	-3.875
71.033	-3.868
71.050	-4.392
71.067	-4.907
71.083	-5.420
71.100	-5.858
71.117	-6.275
71.133	-6.260
71.150	-6.571
71.167	-6.850
71.183	-7.060
71.200	-7.229
71.217	-7.341
71.233	-7.332
71.250	-7.396
71.267	-7.426
71.283	-7.385
71.300	-7.311
71.317	-7.150
71.333	-7.138
71.350	-6.938
71.367	-6.655
71.383	-6.341
71.400	-5.969
71.417	-5.546
71.433	-5.551
71.450	-5.126
71.467	-4.638
71.483	-4.088
71.500	-3.533
71.517	-2.938
71.533	-2.947
71.550	-2.329
71.567	-1.705
71.583	
71.600	0.481
71.617	2.013
71.633	2.140
71.650	2.778
71.667	3.026
71.683	3.535
71.700	4.034
71.717	
71.733	
71.750	3.972
71.767	4.461
71.783	4.959
71.800	5.390
71.817	5.758
71.833	5.754
71.850	6.090
71.867	6.366
71.883	6.622
71.900	6.820
71.917	6.963
71.933	6.959
71.950	7.034
71.967	7.047
71.983	6.999
72.000	6.860
72.017	6.672
72.033	6.664
72.050	6.436
72.067	6.164
72.083	5.846
72.100	5.476
72.117	5.032
72.133	5.043
72.150	4.568
72.167	4.069
72.183	3.651
72.200	3.550
72.217	2.791
72.233	3.047
72.250	2.534
72.267	2.022
72.283	0.739
72.300	-3.107E-2
72.317	
72.333	
72.350	-1.509
72.367	-2.129
72.383	-2.767
72.400	-3.339
72.417	-3.920
72.433	-3.941
72.450	-4.473
72.467	-4.962
72.483	-5.421
72.500	-5.839
72.517	-6.222
72.533	-6.231
72.550	-6.547
72.567	-6.808
72.583	-7.034
72.600	-7.181
72.617	-7.320
72.633	-7.320
72.650	-7.370
72.667	-7.395
72.683	-7.353
72.700	-7.241
72.717	-7.058
72.733	-7.041
72.750	-6.836
72.767	-6.561
72.783	-6.233
72.800	-5.881
72.817	-5.446
72.833	-5.449
72.850	-5.012
72.867	-4.539
72.883	-4.009
72.900	-3.479
72.917	-2.883
72.933	-2.863
72.950	-2.237
72.967	-1.625
72.983	
73.000	
73.017	0.996
73.033	1.509
73.050	2.278
73.067	3.047
73.083	3.558
73.100	3.942
73.117	
73.133	
73.150	3.878
73.167	4.355
73.183	4.842
73.200	5.279
73.217	5.636
73.233	5.649
73.250	5.987
73.267	6.246
73.283	6.480
73.300	6.657
73.317	6.770
73.333	6.769
73.350	6.823
73.367	6.847
73.383	6.780
73.400	6.656
73.417	6.487
73.433	6.476
73.450	6.237
73.467	5.966
73.483	5.645
73.500	5.280
73.517	4.852
73.533	4.858
73.550	4.385
73.567	3.878
73.583	
73.600	3.558
73.617	2.791
73.633	1.894
73.650	1.127
73.667	0.355
73.683	-0.546
73.700	
73.717	
73.733	
73.750	-1.586
73.767	-2.199
73.783	-2.849
73.800	-3.394
73.817	-3.930
73.833	-3.941
73.850	-4.442
73.867	-4.927
73.883	-5.371
73.900	-5.758
73.917	-6.096
73.933	-6.119
73.950	-6.437
73.967	-6.666
73.983	-6.855
74.000	-6.984
74.017	-7.096
74.033	-7.110
74.050	-7.152
74.067	-7.146
74.083	-7.067
74.100	-6.937
74.117	-6.769
74.133	-6.750
74.150	-6.527
74.167	-6.275
74.183	-5.928
74.200	-5.569
74.217	-5.178
74.233	-5.166
74.250	-4.716
74.267	-4.251
74.283	-3.728
74.300	-3.194
74.317	-2.598
74.333	-2.625
74.350	-2.040
74.367	-1.462
74.383	
74.400	0.356
74.417	1.516
74.433	1.894
74.450	2.150
74.467	2.534
74.483	3.047
74.500	3.431
74.517	
74.533	
74.550	3.865
74.567	4.327
74.583	4.767
74.600	5.153
74.617	5.520
74.633	5.535
74.650	5.855
74.667	6.113
74.683	6.340
74.700	6.454
74.717	6.548
74.733	6.544
74.750	6.576
74.767	6.549
74.783	6.462
74.800	6.328
74.817	6.151
74.833	6.146
74.850	5.945
74.867	5.665
74.883	5.317
74.900	4.951
74.917	4.530
74.933	4.537
74.950	4.057
74.967	3.685
74.983	3.814
75.000	3.047
75.017	1.765
75.033	1.509
75.050	1.124
75.067	0.611
75.083	9.751E-2
75.100	
75.117	-1.431
75.133	-1.431
75.150	-1.988
75.167	-2.553
75.183	-3.153
75.200	-3.632
75.217	-4.132
75.233	-4.128
75.250	-4.630
75.267	-5.048
75.283	-5.428
75.300	-5.808
75.317	-6.116
75.333	-6.116
75.350	-6.373
75.367	-6.594
75.383	-6.810
75.400	-6.917
75.417	-6.979
75.433	-6.979
75.450	-7.005
75.467	-6.989
75.483	-6.907
75.500	-6.784
75.517	-6.585
75.533	-6.587
75.550	-6.394
75.567	-6.109
75.583	-5.800
75.600	-5.432
75.617	-5.056
75.633	-5.040
75.650	-4.563
75.667	-4.106
75.683	-3.633
75.700	-3.127
75.717	-2.547
75.733	-2.538
75.750	-1.912
75.767	-1.411
75.783	
75.800	1.381
75.817	2.022
75.833	1.889
75.850	2.523
75.867	2.778
75.883	3.161
75.900	3.789
75.917	
75.933	
75.950	3.754
75.967	4.161
75.983	4.531
76.000	4.911
76.017	5.256
76.033	5.241
76.050	5.541
76.067	5.769
76.083	5.945
76.100	6.080
76.117	6.128
76.133	6.130
76.150	6.156
76.167	6.131
76.183	6.044
76.200	5.907
76.217	5.737
76.233	5.734
76.250	5.472
76.267	5.235
76.283	4.884
76.300	4.474
76.317	4.050
76.333	4.043
76.350	3.714
76.367	
76.383	3.259
76.400	2.380
76.417	1.750
76.433	1.495
76.450	0.989
76.467	0.479
76.483	-3.093E-2
76.500	
76.517	-1.438
76.533	-1.438
76.550	-1.997
76.567	-2.536
76.583	-0.543
76.600	-3.632
76.617	-4.138
76.633	-4.133
76.650	-4.592
76.667	-5.051
76.683	-5.409
76.700	-5.791
76.717	-6.083
76.733	-6.095
76.750	-6.398
76.767	-6.596
76.783	-6.743
76.800	-6.879
76.817	-6.954
76.833	-6.965
76.850	-6.986
76.867	-6.973
76.883	-6.887
76.900	-6.771
76.917	-6.618
76.933	-6.603
76.950	-6.388
76.967	-6.094
76.983	-5.806
77.000	-5.420
77.017	-5.021
77.033	-5.023
77.050	-4.593
77.067	-4.139
77.083	-3.652
77.100	-3.132
77.117	-2.617
77.133	-2.621
77.150	-2.013
77.167	-1.480
77.183	-1.353
77.200	
77.217	1.911
77.233	2.299
77.250	2.809
77.267	3.566
77.283	4.197
77.300	4.697
77.317	
77.333	
77.350	
77.367	3.827
77.383	4.244
77.400	4.531
77.417	4.848
77.433	4.842
77.450	5.135
77.467	5.358
77.483	5.524
77.500	5.653
77.517	5.716
77.533	5.727
77.550	5.750
77.567	5.704
77.583	5.636
77.600	5.497
77.617	5.317
77.633	5.327
77.650	5.080
77.667	4.760
77.683	4.406
77.700	4.040
77.717	3.742
77.733	3.746
77.750	3.665
77.767	3.797
77.783	3.033
77.800	2.145
77.817	1.509
77.833	0.867
77.850	-3.107E-2
77.867	-3.107E-2
77.883	-0.544
77.900	-1.399
77.917	-1.716
77.933	-1.716
77.950	-2.335
77.967	-2.840
77.983	-3.321
78.000	-3.858
78.017	-4.325
78.033	-4.327
78.050	-4.798
78.067	-5.170
78.083	-5.582
78.100	-5.905
78.117	-6.152
78.133	-6.168
78.150	-6.410
78.167	-6.564
78.183	-6.763
78.200	-6.868
78.217	-6.910
78.233	-6.939
78.250	-6.949
78.267	-6.914
78.283	-6.851
78.300	-6.734
78.317	-6.577
78.333	-6.570
78.350	-6.366
78.367	-6.071
78.383	-5.790
78.400	-5.383
78.417	-5.053
78.433	-5.025
78.450	-4.596
78.467	-4.124
78.483	-3.662
78.500	-3.117
78.517	-2.648
78.533	-2.629
78.550	-2.030
78.567	-1.494
78.583	-1.338
78.600	1.652
78.617	2.035
78.633	2.675
78.650	3.060
78.667	3.703
78.683	4.097
78.700	4.611
78.717	
78.733	
78.750	
78.767	3.718
78.783	4.001
78.800	4.372
78.817	4.645
78.833	4.632
78.850	4.894
78.867	5.134
78.883	5.268
78.900	5.362
78.917	5.390
78.933	5.414
78.950	5.427
78.967	5.382
78.983	5.299
79.000	5.149
79.017	4.943
79.033	4.934
79.050	4.683
79.067	4.401
79.083	4.083
79.100	3.752
79.117	3.753
79.133	3.757
79.150	
79.167	3.310
79.183	2.540
79.200	1.898
79.217	1.129
79.233	0.613
79.250	0.613
79.267	9.817E-2
79.283	
79.300	
79.317	-1.509
79.333	-1.512
79.350	-2.055
79.367	-2.555
79.383	-3.065
79.400	-3.537
79.417	-3.971
79.433	-3.960
79.450	-4.373
79.467	-4.773
79.483	-5.095
79.500	-5.383
79.517	-5.657
79.533	-5.652
79.550	-5.869
79.567	-6.050
79.583	-6.180
79.600	-6.245
79.617	-6.275
79.633	-6.260
79.650	-6.264
79.667	-6.202
79.683	-6.126
79.700	-5.991
79.717	-5.764
79.733	-5.760
79.750	-5.527
79.767	-5.252
79.783	-4.946
79.800	-4.579
79.817	-4.180
79.833	-4.172
79.850	-3.739
79.867	-3.285
79.883	-2.795
79.900	-2.300
79.917	-1.824
79.933	-1.833
79.950	-1.410
79.967	
79.983	
80.000	0.612
80.017	2.022
80.033	3.047
80.050	3.942
80.067	3.686
80.083	3.942
80.100	4.708
80.117	
80.133	
80.150	3.827
80.167	4.223
80.183	5.435
80.200	4.894
80.217	5.152
80.233	5.162
80.250	5.381
80.267	5.551
80.283	5.683
80.300	5.765
80.317	5.791
80.333	5.776
80.350	5.770
80.367	5.698
80.383	5.566
80.400	5.411
80.417	5.178
80.433	5.170
80.450	4.915
80.467	4.643
80.483	4.343
80.500	3.963
80.517	3.650
80.533	3.657
80.550	
80.567	
80.583	
80.600	
80.617	
80.633	
80.650	
80.667	
80.683	
80.700	
80.717	
80.733	
80.750	
80.767	
80.783	
80.800	-3.081
80.817	-3.929
80.833	-3.942
80.850	-4.339
80.867	-4.729
80.883	-5.061
80.900	-5.350
80.917	-5.594
80.933	-5.574
80.950	-5.774
80.967	-5.950
80.983	-6.053
81.000	-6.126
81.017	-6.157
81.033	-6.152
81.050	-6.148
81.067	-6.068
81.083	-5.955
81.100	-5.778
81.117	-5.576
81.133	-5.566
81.150	-5.327
81.167	-5.052
81.183	-4.735
81.200	-4.390
81.217	-3.986
81.233	-3.971
81.250	-3.562
81.267	-3.065
81.283	-2.619
81.300	-2.121
81.317	-1.636
81.333	-1.637
81.350	-1.360
81.367	
81.383	
81.400	
81.417	
81.433	
81.450	
81.467	
81.483	
81.500	
81.517	
81.533	
81.550	
81.567	4.687
81.583	4.431
81.600	4.744
81.617	4.996
81.633	4.968
81.650	5.170
81.667	5.331
81.683	5.455
81.700	5.527
81.717	5.559
81.733	5.555
81.750	5.530
81.767	5.459
81.783	5.335
81.800	5.167
81.817	4.951
81.833	4.947
81.850	4.737
81.867	4.437
81.883	4.119
81.900	3.776
81.917	
81.933	
81.950	
81.967	
81.983	
82.000	
82.017	
82.033	
82.050	
82.067	
82.083	
82.100	
82.117	
82.133	
82.150	
82.167	-2.591
82.183	-3.056
82.200	-3.510
82.217	-3.938
82.233	-3.948
82.250	-4.323
82.267	-4.685
82.283	-4.976
82.300	-5.254
82.317	-5.473
82.333	-5.465
82.350	-5.657
82.367	-5.798
82.383	-5.924
82.400	-6.009
82.417	-6.029
82.433	-6.038
82.450	-6.017
82.467	-5.942
82.483	-5.836
82.500	-5.669
82.517	-5.457
82.533	-5.453
82.550	-5.207
82.567	-4.943
82.583	-4.623
82.600	-4.281
82.617	-3.878
82.633	-3.862
82.650	-3.443
82.667	-2.985
82.683	-2.517
82.700	-2.037
82.717	-1.554
82.733	-1.542
82.750	
82.767	
82.783	
82.800	
82.817	
82.833	
82.850	
82.867	
82.883	
82.900	3.558
82.917	
82.933	
82.950	3.743
82.967	4.078
82.983	4.374
83.000	4.637
83.017	4.879
83.033	4.868
83.050	5.055
83.067	5.217
83.083	5.336
83.100	5.397
83.117	5.387
83.133	5.374
83.150	5.325
83.167	5.258
83.183	5.127
83.200	4.963
83.217	4.750
83.233	4.752
83.250	4.485
83.267	4.156
83.283	3.845
83.300	3.622
83.317	3.678
83.333	
83.350	
83.367	
83.383	
83.400	
83.417	
83.433	
83.450	
83.467	
83.483	
83.500	
83.517	
83.533	
83.550	
83.567	
83.583	-3.109
83.600	-3.543
83.617	-3.935
83.633	-3.946
83.650	-4.295
83.667	-4.624
83.683	-4.916
83.700	-5.182
83.717	-5.384
83.733	-5.370
83.750	-5.521
83.767	-5.671
83.783	-5.751
83.800	-5.788
83.817	-5.772
83.833	-5.764
83.850	-5.726
83.867	-5.653
83.883	-5.517
83.900	-5.371
83.917	-5.151
83.933	-5.153
83.950	-4.914
83.967	-4.626
83.983	-4.315
84.000	-3.988
84.017	-3.556
84.033	-3.556
84.050	-3.167
84.067	-2.707
84.083	-2.275
84.100	-1.772
84.117	-1.368
84.133	-1.355
84.150	
84.167	
84.183	
84.200	
84.217	
84.233	
84.250	
84.267	
84.283	
84.300	
84.317	
84.333	4.034
84.350	3.933
84.367	4.560
84.383	4.367
84.400	4.572
84.417	4.789
84.433	4.774
84.450	4.929
84.467	5.070
84.483	5.147
84.500	5.187
84.517	5.176
84.533	5.169
84.550	5.119
84.567	5.039
84.583	4.907
84.600	4.692
84.617	4.445
84.633	4.450
84.650	4.196
84.667	3.866
84.683	3.647
84.700	
84.717	3.033
84.733	
84.750	
84.767	
84.783	
84.800	
84.817	
84.833	
84.850	
84.867	
84.883	
84.900	
84.917	
84.933	-1.560
84.950	-2.346
84.967	-2.825
84.983	-3.235
85.000	-3.637
85.017	-4.023
85.033	-4.036
85.050	-4.359
85.067	-4.664
85.083	-4.936
85.100	-5.156
85.117	-5.364
85.133	-5.356
85.150	-5.491
85.167	-5.576
85.183	-5.636
85.200	-5.670
85.217	-5.658
85.233	-5.657
85.250	-5.598
85.267	-5.471
85.283	-5.320
85.300	-5.162
85.317	-4.940
85.333	-4.947
85.350	-4.703
85.367	-4.445
85.383	-4.133
85.400	-3.765
85.417	-3.365
85.433	-3.355
85.450	-2.960
85.467	-2.523
85.483	-2.054
85.500	-1.600
85.517	-1.420
85.533	-1.428
85.550	-1.337
85.567	
85.583	
85.600	
85.617	
85.633	
85.650	
85.667	
85.683	
85.700	
85.717	
85.733	3.907
85.750	
85.767	3.728
85.783	3.968
85.800	4.174
85.817	4.363
85.833	4.352
85.850	4.502
85.867	4.634
85.883	4.686
85.900	4.682
85.917	4.641
85.933	4.643
85.950	4.601
85.967	4.500
85.983	4.357
86.000	4.161
86.017	3.911
86.033	3.927
86.050	3.765
86.067	3.644
86.083	
86.100	
86.117	
86.133	
86.150	
86.167	
86.183	
86.200	
86.217	
86.233	
86.250	
86.267	
86.283	
86.300	
86.317	
86.333	-1.436
86.350	-2.564
86.367	-2.958
86.383	-3.344
86.400	-3.716
86.417	-4.079
86.433	-4.060
86.450	-4.352
86.467	-4.629
86.483	-4.872
86.500	-5.068
86.517	-5.228
86.533	-5.239
86.550	-5.374
86.567	-5.456
86.583	-5.493
86.600	-5.541
86.617	-5.513
86.633	-5.528
86.650	-5.471
86.667	-5.357
86.683	-5.195
86.700	-4.982
86.717	-4.747
86.733	-4.748
86.750	-4.473
86.767	-4.183
86.783	-3.837
86.800	-3.480
86.817	-3.088
86.833	-3.069
86.850	-2.658
86.867	-2.231
86.883	-1.792
86.900	-1.420
86.917	
86.933	
86.950	
86.967	
86.983	
87.000	
87.017	
87.033	
87.050	
87.067	
87.083	
87.100	3.686
87.117	
87.133	
87.150	3.716
87.167	3.991
87.183	4.226
87.200	4.437
87.217	4.619
87.233	4.636
87.250	4.771
87.267	4.854
87.283	4.891
87.300	4.897
87.317	4.837
87.333	4.846
87.350	4.761
87.367	4.634
87.383	4.473
87.400	4.270
87.417	4.020
87.433	4.034
87.450	3.827
87.467	3.635
87.483	3.415
87.500	2.919
87.517	2.669
87.533	2.283
87.550	2.026
87.567	1.258
87.583	0.615
87.600	9.795E-2
87.617	-3.128E-2
87.633	
87.650	
87.667	
87.683	-1.349
87.700	-1.611
87.717	-2.078
87.733	-2.058
87.750	-2.454
87.767	-2.854
87.783	-3.251
87.800	-3.589
87.817	-3.911
87.833	-3.944
87.850	-4.242
87.867	-4.512
87.883	-4.764
87.900	-4.956
87.917	-5.100
87.933	-5.079
87.950	-5.194
87.967	-5.253
87.983	-5.285
88.000	-5.275
88.017	-5.234
88.033	-5.244
88.050	-5.166
88.067	-5.037
88.083	-4.880
88.100	-4.688
88.117	-4.444
88.133	-4.453
88.150	-4.187
88.167	-3.881
88.183	-3.541
88.200	-3.207
88.217	-2.854
88.233	-2.849
88.250	-2.454
88.267	-2.043
88.283	-1.597
88.300	-1.404
88.317	
88.333	
88.350	
88.367	
88.383	
88.400	
88.417	
88.433	
88.450	
88.467	
88.483	3.543
88.500	3.670
88.517	
88.533	
88.550	3.734
88.567	3.958
88.583	4.182
88.600	4.355
88.617	4.463
88.633	4.452
88.650	4.549
88.667	4.619
88.683	4.655
88.700	4.650
88.717	4.609
88.733	4.625
88.750	4.526
88.767	4.411
88.783	4.237
88.800	4.039
88.817	3.839
88.833	3.843
88.850	3.660
88.867	
88.883	3.772
88.900	2.893
88.917	2.390
88.933	1.885
88.950	1.885
88.967	1.378
88.983	0.993
89.000	0.737
89.017	0.481
89.033	9.707E-2
89.050	
89.067	
89.083	-1.364
89.100	-1.700
89.117	-2.146
89.133	-2.143
89.150	-2.540
89.167	-2.902
89.183	-3.318
89.200	-3.648
89.217	-3.956
89.233	-3.956
89.250	-4.226
89.267	-4.472
89.283	-4.676
89.300	-4.840
89.317	-4.985
89.333	-4.969
89.350	-5.067
89.367	-5.110
89.383	-5.158
89.400	-5.138
89.417	-5.090
89.433	-5.075
89.450	-4.974
89.467	-4.846
89.483	-4.673
89.500	-4.472
89.517	-4.223
89.533	-4.241
89.550	-3.977
89.567	-3.685
89.583	-3.324
89.600	-2.974
89.617	-2.588
89.633	-2.566
89.650	-2.151
89.667	-1.749
89.683	-1.370
89.700	
89.717	
89.733	
89.750	1.264
89.767	1.911
89.783	2.040
89.800	2.299
89.817	2.557
89.833	2.681
89.850	
89.867	3.189
89.883	3.823
89.900	4.453
89.917	3.653
89.933	3.658
89.950	3.847
89.967	4.084
89.983	4.270
90.000	4.430
90.017	4.573
90.033	4.565
90.050	4.659
90.067	4.695
90.083	4.686
90.100	4.652
90.117	4.575
90.133	4.565
90.150	4.461
90.167	4.324
90.183	4.146
90.200	3.941
90.217	3.744
90.233	3.752
90.250	
90.267	
90.283	
90.300	
90.317	
90.333	
90.350	
90.367	
90.383	
90.400	
90.417	
90.433	
90.450	
90.467	
90.483	
90.500	
90.517	-1.564
90.533	-2.153
90.550	-2.539
90.567	-2.893
90.583	-3.239
90.600	-3.553
90.617	-3.829
90.633	-3.847
90.650	-4.110
90.667	-4.352
90.683	-4.558
90.700	-4.707
90.717	-4.795
90.733	-4.781
90.750	-4.850
90.767	-4.904
90.783	-4.888
90.800	-4.850
90.817	-4.778
90.833	-4.773
90.850	-4.667
90.867	-4.532
90.883	-4.354
90.900	-4.161
90.917	-3.910
90.933	-3.940
90.950	-3.670
90.967	-3.358
90.983	-3.015
91.000	-2.705
91.017	-2.360
91.033	-2.353
91.050	-1.945
91.067	-1.553
91.083	-1.407
91.100	
91.117	
91.133	
91.150	
91.167	
91.183	
91.200	
91.217	
91.233	
91.250	
91.267	
91.283	3.303
91.300	3.916
91.317	
91.333	
91.350	3.745
91.367	3.922
91.383	4.132
91.400	4.286
91.417	4.377
91.433	4.365
91.450	4.432
91.467	4.472
91.483	4.461
91.500	4.418
91.517	4.361
91.533	4.357
91.550	4.226
91.567	4.115
91.583	3.935
91.600	3.751
91.617	3.627
91.633	3.653
91.650	
91.667	3.519
91.683	3.020
91.700	2.396
91.717	1.889
91.733	1.761
91.750	1.506
91.767	1.122
91.783	0.739
91.800	0.482
91.817	0.354
91.833	-3.107E-2
91.850	
91.867	-1.310
91.883	-1.465
91.900	-1.829
91.917	-0.416
91.933	-2.237
91.950	-2.616
91.967	-2.962
91.983	-3.284
92.000	-3.576
92.017	-3.822
92.033	-3.846
92.050	-4.098
92.067	-4.290
92.083	-4.442
92.100	-4.591
92.117	-4.685
92.133	-4.679
92.150	-4.740
92.167	-4.762
92.183	-4.769
92.200	-4.717
92.217	-4.614
92.233	-4.591
92.250	-4.461
92.267	-4.305
92.283	-4.098
92.300	-3.861
92.317	-3.614
92.333	-3.642
92.350	-3.357
92.367	-3.068
92.383	-2.729
92.400	-2.381
92.417	-2.003
92.433	-2.027
92.450	-1.642
92.467	-1.353
92.483	
92.500	
92.517	-3.093E-2
92.533	0.352
92.550	0.352
92.567	
92.583	0.862
92.600	1.241
92.617	1.623
92.633	2.004
92.650	2.126
92.667	2.754
92.683	3.511
92.700	4.277
92.717	3.667
92.733	3.667
92.750	3.820
92.767	4.038
92.783	4.919
92.800	4.304
92.817	4.366
92.833	4.364
92.850	4.427
92.867	4.455
92.883	4.441
92.900	4.399
92.917	4.277
92.933	4.274
92.950	4.141
92.967	3.993
92.983	3.798
93.000	3.643
93.017	
93.033	
93.050	3.273
93.067	2.512
93.083	2.131
93.100	1.877
93.117	1.495
93.133	0.989
93.150	0.608
93.167	0.480
93.183	-3.100E-2
93.200	-0.416
93.217	
93.233	-0.801
93.250	
93.267	-1.320
93.283	-1.635
93.300	-2.010
93.317	-1.058
93.333	-2.364
93.350	-2.725
93.367	-3.045
93.383	-3.352
93.400	-3.638
93.417	-3.882
93.433	-3.874
93.450	-4.090
93.467	-4.259
93.483	-4.408
93.500	-4.491
93.517	-4.554
93.533	-4.561
93.550	-4.604
93.567	-4.593
93.583	-4.558
93.600	-4.495
93.617	-4.390
93.633	-4.377
93.650	-4.223
93.667	-4.083
93.683	-3.879
93.700	-3.638
93.717	-3.394
93.733	-3.373
93.750	-3.069
93.767	-2.766
93.783	-2.434
93.800	-2.092
93.817	-1.760
93.833	-1.746
93.850	-1.379
93.867	-1.328
93.883	
93.900	
93.917	0.875
93.933	1.516
93.950	1.773
93.967	1.902
93.983	2.160
94.000	2.540
94.017	2.797
94.033	3.047
94.050	3.431
94.067	3.686
94.083	4.070
94.100	4.570
94.117	
94.133	
94.150	3.761
94.167	3.892
94.183	4.017
94.200	4.133
94.217	4.209
94.233	4.229
94.250	4.263
94.267	4.264
94.283	4.221
94.300	4.157
94.317	4.052
94.333	4.048
94.350	3.896
94.367	3.736
94.383	3.657
94.400	
94.417	3.814
94.433	3.550
94.450	3.168
94.467	2.657
94.483	2.278
94.500	2.022
94.517	1.637
94.533	1.124
94.550	0.996
94.567	0.355
94.583	-0.160
94.600	
94.617	
94.633	
94.650	-1.323
94.667	-0.417
94.683	-1.769
94.700	-2.116
94.717	-2.453
94.733	-2.449
94.750	-2.768
94.767	-3.043
94.783	-3.345
94.800	-3.596
94.817	-3.785
94.833	-3.768
94.850	-3.961
94.867	-4.102
94.883	-4.258
94.900	-4.355
94.917	-4.401
94.933	-4.435
94.950	-4.469
94.967	-4.462
94.983	-4.410
95.000	-4.360
95.017	-4.263
95.033	-4.261
95.050	-4.115
95.067	-3.958
95.083	-3.764
95.100	-3.510
95.117	-3.272
95.133	-3.264
95.150	-2.967
95.167	-2.662
95.183	-2.338
95.200	-1.958
95.217	-1.608
95.233	-1.626
95.250	-1.360
95.267	-1.347
95.283	-1.299
95.300	
95.317	1.139
95.333	1.396
95.350	1.523
95.367	1.781
95.383	2.428
95.400	2.932
95.417	3.446
95.433	3.446
95.450	3.446
95.467	3.831
95.483	4.088
95.500	4.216
95.517	
95.533	
95.550	
95.567	3.829
95.583	3.949
95.600	4.601
95.617	4.101
95.633	4.080
95.650	4.073
95.667	4.062
95.683	4.023
95.700	3.942
95.717	3.845
95.733	3.854
95.750	3.737
95.767	3.660
95.783	
95.800	
95.817	
95.833	
95.850	
95.867	
95.883	
95.900	
95.917	
95.933	
95.950	
95.967	
95.983	
96.000	
96.017	
96.033	
96.050	
96.067	-1.309
96.083	-1.802
96.100	-2.182
96.117	-2.472
96.133	-2.461
96.150	-2.763
96.167	-3.041
96.183	-3.303
96.200	-3.524
96.217	-3.750
96.233	-3.761
96.250	-3.943
96.267	-4.092
96.283	-4.190
96.300	-4.259
96.317	-4.310
96.333	-4.293
96.350	-4.282
96.367	-4.257
96.383	-4.206
96.400	-4.095
96.417	-3.961
96.433	-3.968
96.450	-3.804
96.467	-3.588
96.483	-3.376
96.500	-3.119
96.517	-2.881
96.533	-2.868
96.550	-2.568
96.567	-2.251
96.583	-1.932
96.600	-1.582
96.617	-1.336
96.633	-1.339
96.650	-1.323
96.667	-1.286
96.683	-1.243
96.700	
96.717	
96.733	
96.750	
96.767	
96.783	
96.800	
96.817	
96.833	
96.850	
96.867	
96.883	
96.900	3.686
96.917	
96.933	
96.950	
96.967	
96.983	
97.000	
97.017	
97.033	
97.050	
97.067	
97.083	
97.100	
97.117	
97.133	
97.150	
97.167	
97.183	
97.200	
97.217	
97.233	
97.250	
97.267	
97.283	
97.300	
97.317	
97.333	
97.350	
97.367	
97.383	
97.400	
97.417	
97.433	
97.450	
97.467	
97.483	-1.439
97.500	-2.807
97.517	-3.113
97.533	-3.118
97.550	-3.437
97.567	-3.675
97.583	-3.902
97.600	-4.103
97.617	-4.338
97.633	-4.323
97.650	-4.464
97.667	-4.545
97.683	-4.604
97.700	-4.657
97.717	-4.658
97.733	-4.638
97.750	-4.628
97.767	-4.582
97.783	-4.525
97.800	-4.420
97.817	-4.297
97.833	-4.303
97.850	-4.160
97.867	-3.955
97.883	-3.744
97.900	-3.487
97.917	-3.251
97.933	-3.234
97.950	-2.900
97.967	-2.616
97.983	-2.330
98.000	-1.987
98.017	-1.622
98.033	-1.621
98.050	-1.411
98.067	-1.329
98.083	
98.100	
98.117	
98.133	
98.150	
98.167	
98.183	
98.200	
98.217	
98.233	
98.250	
98.267	
98.283	3.916
98.300	3.907
98.317	
98.333	
98.350	
98.367	
98.383	
98.400	
98.417	
98.433	
98.450	3.767
98.467	3.726
98.483	3.686
98.500	3.628
98.517	3.584
98.533	3.573
98.550	
98.567	
98.583	
98.600	
98.617	
98.633	
98.650	
98.667	
98.683	
98.700	
98.717	
98.733	
98.750	
98.767	
98.783	
98.800	
98.817	
98.833	
98.850	
98.867	
98.883	
98.900	-2.345
98.917	
98.933	
98.950	
98.967	
98.983	
99.000	
99.017	
99.033	
99.050	
99.067	
99.083	
99.100	
99.117	
99.133	
99.150	
99.167	
99.183	
99.200	
99.217	
99.233	
99.250	
99.267	
99.283	
99.300	
99.317	-2.484
99.333	-2.466
99.350	-2.164
99.367	-1.848
99.383	-1.531
99.400	-1.326
99.417	-1.331
99.433	-1.333
99.450	-1.286
99.467	-1.270
99.483	
99.500	
99.517	
99.533	
99.550	
99.567	
99.583	
99.600	
99.617	
99.633	
99.650	3.047
99.667	3.550
99.683	3.933
99.700	3.933
99.717	
99.733	
99.750	
99.767	
99.783	
99.800	
99.817	
99.833	
99.850	
99.867	
99.883	
99.900	
99.917	
99.933	
99.950	
99.967	
99.983	
100.000	
100.017	
100.033	
100.050	
100.067	
100.083	
100.100	
100.117	
100.133	
100.150	
100.167	
100.183	
100.200	
100.217	
100.233	
100.250	
100.267	-1.449
100.283	-2.760
100.300	-3.010
100.317	-3.264
100.333	-3.240
100.350	-3.448
100.367	-3.647
100.383	-3.811
100.400	-4.041
100.417	-4.155
100.433	-4.138
100.450	-4.230
100.467	-4.289
100.483	-4.355
100.500	-4.359
100.517	-4.339
100.533	-4.331
100.550	-4.270
100.567	-4.226
100.583	-4.135
100.600	-4.002
100.617	-3.864
100.633	-3.843
100.650	-3.617
100.667	-3.417
100.683	-3.207
100.700	-2.973
100.717	-2.687
100.733	-2.709
100.750	-2.441
100.767	-2.132
100.783	-1.840
100.800	-1.517
100.817	-1.415
100.833	-1.421
100.850	-1.340
100.867	
100.883	
100.900	
100.917	
100.933	
100.950	
100.967	
100.983	
101.000	
101.017	
101.033	3.161
101.050	3.431
101.067	3.814
101.083	4.070
101.100	4.070
101.117	4.325
101.133	4.306
101.150	
101.167	
101.183	
101.200	
101.217	
101.233	
101.250	
101.267	
101.283	3.951
101.300	3.566
101.317	3.310
101.333	3.438
101.350	3.310
101.367	3.310
101.383	
101.400	
101.417	
101.433	
101.450	
101.467	
101.483	
101.500	
101.517	
101.533	
101.550	
101.567	
101.583	
101.600	
101.617	-0.547
101.633	-2.089
101.650	-2.370
101.667	-2.688
101.683	-2.950
101.700	-3.170
101.717	-3.409
101.733	-3.410
101.750	-3.618
101.767	-3.811
101.783	-3.956
101.800	-4.063
101.817	-4.200
101.833	-4.206
101.850	-4.282
101.867	-4.351
101.883	-4.363
101.900	-4.341
101.917	-4.306
101.933	-4.311
101.950	-4.262
101.967	-4.143
101.983	-4.037
102.000	-3.887
102.017	-3.737
102.033	-3.727
102.050	-3.545
102.067	-3.330
102.083	-3.112
102.100	-2.801
102.117	-2.559
102.133	-2.541
102.150	-2.262
102.167	-1.934
102.183	-1.636
102.200	-1.425
102.217	-1.340
102.233	-1.327
102.250	-1.265
102.267	
102.283	
102.300	
102.317	
102.333	
102.350	
102.367	
102.383	
102.400	
102.417	
102.433	
102.450	3.168
102.467	3.686
102.483	3.789
102.500	4.051
102.517	4.051
102.533	3.924
102.550	3.924
102.567	
102.583	
102.600	
102.617	
102.633	
102.650	3.924
102.667	3.543
102.683	3.543
102.700	3.288
102.717	3.033
102.733	2.791
102.750	2.791
102.767	2.534
102.783	2.022
102.800	1.512
102.817	1.127
102.833	0.613
102.850	0.485
102.867	0.227
102.883	9.773E-2
102.900	-0.160
102.917	
102.933	
102.950	-1.317
102.967	-1.616
102.983	-1.907
103.000	-2.182
103.017	-2.480
103.033	-2.487
103.050	-2.750
103.067	-3.038
103.083	-3.247
103.100	-3.492
103.117	-3.697
103.133	-3.694
103.150	-3.875
103.167	-4.092
103.183	-4.177
