	质量 A	
t	θr	
0.040	0.540
0.080	0.513
0.120	0.457
0.160	0.340
0.200	0.198
0.240	1.532E-4
0.280	-0.232
0.320	-0.364
0.360	-0.470
0.400	-0.505
0.440	-0.515
0.480	-0.523
0.520	-0.500
0.560	-0.469
0.600	-0.395
0.640	-0.263
0.680	-9.170E-2
0.720	8.540E-2
0.760	0.244
0.800	0.366
0.840	0.445
0.880	0.481
0.920	0.488
0.960	0.485
1.000	0.463
1.040	0.417
1.080	0.322
1.120	0.146
1.160	-3.177E-2
1.200	-0.156
1.240	-0.301
1.280	-0.382
1.320	-0.441
1.360	-0.491
1.400	-0.492
1.440	-0.475
1.480	-0.442
1.520	-0.331
1.560	-0.222
1.600	-7.493E-2
1.640	8.457E-2
1.680	0.231
1.720	0.344
1.760	0.419
1.800	0.459
1.840	0.474
1.880	0.471
1.920	0.448
1.960	0.399
2.000	0.313
2.040	0.188
2.080	3.980E-2
2.120	-0.114
2.160	-0.249
2.200	-0.351
2.240	-0.409
2.280	-0.436
2.320	-0.443
2.360	-0.431
2.400	-0.391
2.440	-0.317
2.480	-0.209
2.520	-7.802E-2
2.560	6.763E-2
2.600	0.204
2.640	0.314
2.680	0.388
2.720	0.431
2.760	0.450
2.800	0.450
2.840	0.427
2.880	0.378
2.920	0.298
2.960	0.187
3.000	5.478E-2
3.040	-8.833E-2
3.080	-0.215
3.120	-0.315
3.160	-0.374
3.200	-0.406
3.240	-0.416
3.280	-0.404
3.320	-0.365
3.360	-0.298
3.400	-0.202
3.440	-7.819E-2
3.480	5.317E-2
3.520	0.177
3.560	0.278
3.600	0.352
3.640	0.398
3.680	0.418
3.720	0.418
3.760	0.395
3.800	0.350
3.840	0.273
3.880	0.172
3.920	5.120E-2
3.960	-7.679E-2
4.000	-0.194
4.040	-0.287
4.080	-0.349
4.120	-0.375
4.160	-0.384
4.200	-0.371
4.240	-0.331
4.280	-0.266
4.320	-0.177
4.360	-6.771E-2
4.400	5.066E-2
4.440	0.165
4.480	0.257
4.520	0.324
4.560	0.367
4.600	0.387
4.640	0.385
4.680	0.362
4.720	0.316
4.760	0.246
4.800	0.151
4.840	3.961E-2
4.880	-7.506E-2
4.920	-0.180
4.960	-0.260
5.000	-0.322
5.040	-0.350
5.080	-0.356
5.120	-0.341
5.160	-0.303
5.200	-0.239
5.240	-0.152
5.280	-5.002E-2
5.320	5.741E-2
5.360	0.159
5.400	0.242
5.440	0.304
5.480	0.344
5.520	0.360
5.560	0.355
5.600	0.332
5.640	0.284
5.680	0.215
5.720	0.124
5.760	2.323E-2
5.800	-0.137
5.840	-0.223
5.880	-0.252
5.920	-0.303
5.960	-0.331
6.000	-0.335
6.040	-0.317
6.080	-0.278
6.120	-0.217
6.160	-0.135
6.200	-3.676E-2
6.240	6.494E-2
6.280	0.157
6.320	0.229
6.360	0.285
6.400	0.321
6.440	0.334
6.480	0.329
6.520	0.302
6.560	0.255
6.600	0.186
6.640	0.101
6.680	8.228E-3
6.720	-0.106
6.760	-0.226
6.800	-0.290
6.840	-0.289
6.880	-0.299
6.920	-0.311
6.960	-0.290
7.000	-0.258
7.040	-0.190
7.080	-0.111
7.120	-1.794E-2
7.160	7.062E-2
7.200	0.155
7.240	0.221
7.280	0.269
7.320	0.294
7.360	0.304
7.400	0.295
7.440	0.273
7.480	0.223
7.520	0.160
7.560	7.545E-2
7.600	-1.190E-2
7.640	-9.930E-2
7.680	-0.174
7.720	-0.231
7.760	-0.269
7.800	-0.286
7.840	-0.283
7.880	-0.260
7.920	-0.218
7.960	-0.159
8.000	-8.218E-2
8.040	3.388E-3
8.080	8.333E-2
8.120	0.156
8.160	0.215
8.200	0.255
8.240	0.280
8.280	0.282
8.320	0.270
8.360	0.242
8.400	0.196
8.440	0.132
8.480	5.376E-2
8.520	-2.962E-2
8.560	-0.105
8.600	-0.168
8.640	-0.218
8.680	-0.251
8.720	-0.263
8.760	-0.257
8.800	-0.230
8.840	-0.188
8.880	-0.129
8.920	-5.933E-2
8.960	1.643E-2
9.000	9.365E-2
9.040	0.157
9.080	0.205
9.120	0.241
9.160	0.261
9.200	0.261
9.240	0.243
9.280	0.213
9.320	0.165
9.360	0.104
9.400	3.239E-2
9.440	-3.757E-2
9.480	-0.106
9.520	-0.163
9.560	-0.205
9.600	-0.228
9.640	-0.234
9.680	-0.223
9.720	-0.197
9.760	-0.151
9.800	-9.425E-2
9.840	-2.834E-2
9.880	3.760E-2
9.920	0.103
9.960	0.158
10.000	0.201
10.040	0.229
10.080	0.237
10.120	0.235
10.160	0.214
10.200	0.182
10.240	0.132
10.280	7.424E-2
10.320	1.083E-2
10.360	-5.312E-2
10.400	-0.114
10.440	-0.158
10.480	-0.191
10.520	-0.208
10.560	-0.208
10.600	-0.192
10.640	-0.162
10.680	-0.118
10.720	-6.437E-2
10.760	-2.748E-3
10.800	5.655E-2
10.840	0.110
10.880	0.158
10.920	0.191
10.960	0.210
11.000	0.217
11.040	0.207
11.080	0.183
11.120	0.147
11.160	9.889E-2
11.200	4.358E-2
11.240	-1.258E-2
11.280	-6.914E-2
11.320	-0.115
11.360	-0.155
11.400	-0.177
11.440	-0.188
11.480	-0.182
11.520	-0.161
11.560	-0.129
11.600	-8.569E-2
11.640	-3.457E-2
11.680	1.821E-2
11.720	7.195E-2
11.760	0.119
11.800	0.156
11.840	0.180
11.880	0.190
11.920	0.189
11.960	0.175
12.000	0.152
12.040	0.116
12.080	6.913E-2
12.120	1.764E-2
12.160	-3.381E-2
12.200	-7.927E-2
12.240	-0.121
12.280	-0.150
12.320	-0.162
12.360	-0.165
12.400	-0.153
12.440	-0.130
12.480	-9.644E-2
12.520	-5.410E-2
12.560	-6.560E-3
12.600	3.978E-2
12.640	8.325E-2
12.680	0.121
12.720	0.144
12.760	0.164
12.800	0.166
12.840	0.161
12.880	0.146
12.920	0.117
12.960	8.157E-2
13.000	3.878E-2
13.040	-6.222E-3
13.080	-5.032E-2
13.120	-8.803E-2
13.160	-0.120
13.200	-0.136
13.240	-0.144
13.280	-0.141
13.320	-0.125
13.360	-9.930E-2
13.400	-6.565E-2
13.440	-2.692E-2
13.480	1.373E-2
13.520	5.316E-2
13.560	8.634E-2
13.600	0.115
13.640	0.136
13.680	0.144
13.720	0.144
13.760	0.137
13.800	0.114
13.840	8.599E-2
13.880	5.170E-2
13.920	1.178E-2
13.960	-2.568E-2
14.000	-6.151E-2
14.040	-9.139E-2
14.080	-0.115
14.120	-0.127
14.160	-0.128
14.200	-0.119
14.240	-0.101
14.280	-7.320E-2
14.320	-4.056E-2
14.360	-5.125E-3
14.400	3.130E-2
14.440	6.275E-2
14.480	9.083E-2
14.520	0.112
14.560	0.125
14.600	0.128
14.640	0.122
14.680	0.107
14.720	8.490E-2
14.760	5.793E-2
14.800	2.632E-2
14.840	-7.786E-3
14.880	-3.971E-2
14.920	-6.806E-2
14.960	-9.027E-2
15.000	-0.104
15.040	-0.108
15.080	-0.104
15.120	-9.108E-2
15.160	-6.869E-2
15.200	-4.327E-2
15.240	-1.257E-2
15.280	1.777E-2
15.320	4.748E-2
15.360	7.427E-2
15.400	9.282E-2
15.440	0.107
15.480	0.113
15.520	0.110
15.560	0.100
15.600	8.234E-2
15.640	6.059E-2
15.680	3.332E-2
15.720	3.332E-3
15.760	-2.388E-2
15.800	-4.940E-2
15.840	-7.149E-2
15.880	-8.687E-2
15.920	-9.228E-2
15.960	-9.062E-2
16.000	-8.098E-2
16.040	-6.494E-2
16.080	-4.275E-2
16.120	-1.791E-2
16.160	9.541E-3
16.200	3.412E-2
16.240	5.667E-2
16.280	7.504E-2
16.320	9.016E-2
16.360	9.535E-2
16.400	9.551E-2
16.440	8.755E-2
16.480	7.356E-2
16.520	5.514E-2
16.560	3.403E-2
16.600	9.870E-3
16.640	-1.482E-2
16.680	-3.706E-2
16.720	-5.525E-2
16.760	-7.033E-2
16.800	-7.762E-2
16.840	-7.809E-2
16.880	-7.182E-2
16.920	-5.887E-2
16.960	-4.265E-2
17.000	-2.155E-2
17.040	2.476E-3
17.080	2.390E-2
17.120	4.475E-2
17.160	6.105E-2
17.200	7.277E-2
17.240	8.043E-2
17.280	8.039E-2
17.320	7.489E-2
17.360	6.599E-2
17.400	5.065E-2
17.440	3.361E-2
17.480	1.312E-2
17.520	-6.631E-3
17.560	-2.501E-2
17.600	-4.165E-2
17.640	-5.267E-2
17.680	-6.061E-2
17.720	-6.124E-2
17.760	-5.683E-2
17.800	-4.643E-2
17.840	-3.242E-2
17.880	-1.530E-2
17.920	3.119E-3
17.960	2.032E-2
18.000	3.609E-2
18.040	5.156E-2
18.080	6.050E-2
18.120	6.646E-2
18.160	6.712E-2
18.200	6.198E-2
18.240	5.587E-2
18.280	4.312E-2
18.320	2.875E-2
18.360	1.373E-2
18.400	-3.313E-3
18.440	-1.798E-2
18.480	-3.262E-2
18.520	-4.225E-2
18.560	-4.723E-2
18.600	-4.844E-2
18.640	-4.453E-2
18.680	-3.782E-2
18.720	-2.473E-2
18.760	-1.168E-2
18.800	1.671E-3
18.840	1.851E-2
18.880	3.204E-2
18.920	4.205E-2
18.960	5.006E-2
19.000	5.521E-2
19.040	5.527E-2
19.080	5.192E-2
19.120	4.430E-2
19.160	3.644E-2
19.200	2.440E-2
19.240	1.025E-2
19.280	-2.653E-3
19.320	-1.483E-2
19.360	-2.514E-2
19.400	-3.251E-2
19.440	-3.633E-2
19.480	-3.597E-2
19.520	-3.214E-2
19.560	-2.621E-2
19.600	-1.715E-2
19.640	-5.542E-3
19.680	5.550E-3
19.720	1.684E-2
19.760	2.785E-2
19.800	3.477E-2
19.840	4.114E-2
19.880	4.457E-2
19.920	4.490E-2
19.960	4.104E-2
20.000	3.707E-2
20.040	2.884E-2
20.080	1.920E-2
20.120	8.507E-3
20.160	-2.189E-3
20.200	-1.131E-2
20.240	-1.889E-2
20.280	-2.372E-2
20.320	-2.644E-2
20.360	-2.728E-2
20.400	-2.381E-2
20.440	-1.719E-2
20.480	-1.034E-2
20.520	-1.768E-3
20.560	7.233E-3
20.600	1.713E-2
20.640	2.434E-2
20.680	2.931E-2
20.720	3.456E-2
20.760	3.547E-2
20.800	3.575E-2
20.840	3.298E-2
20.880	2.767E-2
20.920	2.063E-2
20.960	1.193E-2
21.000	4.159E-3
21.040	-3.754E-3
21.080	-8.243E-3
21.120	-1.309E-2
21.160	-1.599E-2
21.200	-1.671E-2
21.240	-1.689E-2
21.280	-1.321E-2
21.320	-7.058E-3
21.360	-2.594E-3
21.400	4.598E-3
21.440	1.244E-2
21.480	1.943E-2
21.520	2.295E-2
21.560	2.554E-2
21.600	2.724E-2
21.640	2.750E-2
21.680	2.570E-2
21.720	2.275E-2
21.760	1.804E-2
21.800	1.287E-2
21.840	6.009E-3
21.880	8.871E-4
21.920	-3.411E-3
21.960	-7.195E-3
22.000	-9.808E-3
22.040	-1.052E-2
22.080	-1.045E-2
22.120	-8.142E-3
22.160	-5.809E-3
22.200	-8.557E-4
22.240	3.747E-3
22.280	7.594E-3
22.320	1.458E-2
22.360	1.916E-2
22.400	2.153E-2
22.440	2.288E-2
22.480	2.164E-2
22.520	2.165E-2
22.560	1.930E-2
22.600	1.561E-2
22.640	1.210E-2
22.680	8.142E-3
22.720	3.717E-3
22.760	4.476E-4
22.800	-1.973E-3
22.840	-3.183E-3
22.880	-5.091E-3
22.920	-6.090E-3
22.960	-3.444E-3
23.000	-4.238E-4
23.040	1.502E-3
23.080	6.746E-3
23.120	8.881E-3
23.160	1.272E-2
23.200	1.559E-2
23.240	1.823E-2
23.280	1.770E-2
23.320	1.826E-2
23.360	1.764E-2
23.400	1.341E-2
23.440	1.111E-2
23.480	6.916E-3
23.520	5.071E-3
23.560	2.140E-3
23.600	4.791E-5
23.640	-2.733E-4
23.680	-3.751E-4
23.720	-1.835E-3
23.760	4.695E-4
23.800	2.020E-3
23.840	3.717E-3
23.880	6.691E-3
23.920	9.269E-3
23.960	1.175E-2
24.000	1.328E-2
24.040	1.541E-2
24.080	1.470E-2
24.120	1.583E-2
24.160	1.556E-2
24.200	1.223E-2
24.240	1.130E-2
24.280	8.754E-3
24.320	7.912E-3
24.360	1.793E-3
