0.040000 0.540000
0.920000 0.488000
1.840000 0.474000
2.760000 0.450000
3.680000 0.418000
4.600000 0.387000
5.520000 0.360000
6.440000 0.334000
7.360000 0.304000
8.280000 0.282000
9.160000 0.261000
10.080000 0.237000
11.000000 0.217000
11.880000 0.190000
12.800000 0.166000
13.680000 0.144000
14.600000 0.128000
15.480000 0.113000
16.400000 0.095510
17.240000 0.080430
18.160000 0.067120
19.040000 0.055270
19.920000 0.044900
20.800000 0.035750
21.640000 0.027500
22.440000 0.022880
23.320000 0.018260
24.040000 0.015410
